trial_id,scene_id,method,prompt_type,candidate_count,question_count,asked,ideal_half_min_q,split04_worst_q,mixed_vlm_expected_q,correct,outcome,prompt,expected_80_half_q,expected_80_split04_q
trial_20260508_160409_c79cf4,scene_001,top_score,ambiguous,6,0.0,False,3,3,3.152,0,wrong,Pick up my cup.,2.741333333333333,2.768
trial_20260508_160520_53cf51,scene_001,top_score,ambiguous,6,0.0,False,3,3,3.152,0,wrong,Pick up the cup.,2.741333333333333,2.768
trial_20260508_161100_a50c30,scene_001,top_score,partial,6,0.0,False,3,3,3.152,0,wrong,Pick up cup.,2.741333333333333,2.768
trial_20260508_162202_635b99,scene_001,top_score,partial,6,0.0,False,3,3,3.152,0,wrong,Pick up the orange cup.,2.741333333333333,2.768
trial_20260508_162226_ef0622,scene_001,top_score,partial,6,0.0,False,3,3,3.152,1,correct,Pick up the orange cup.,2.741333333333333,2.768
trial_20260508_162254_f347a5,scene_001,top_score,clear,7,0.0,False,3,3,3.5557,0,wrong,Pick up the yellow cup.,2.9785142857142852,2.983085714285714
trial_20260508_163816_495011,scene_001,proposed_efe,clear,1,0.0,False,0,0,0.0,1,correct,Pick up the green cup.,0.0,0.0
trial_20260508_163848_4de1eb,scene_001,top_score,clear,1,0.0,False,0,0,0.0,0,wrong,Pick up the green cup.,0.0,0.0
trial_20260508_163919_5e274a,scene_001,top_score,clear,1,0.0,False,0,0,0.0,1,correct,Pick up the right most cup.,0.0,0.0
trial_20260508_163950_1f0b87,scene_001,top_score,partial,1,0.0,False,0,0,0.0,0,wrong,Pick up the orange cup.,0.0,0.0
trial_20260508_164547_d93529,scene_001,random_candidate,ambiguous,6,0.0,False,3,3,3.152,0,wrong,Pick up my cup.,2.741333333333333,2.768
trial_20260508_164750_4a676b,scene_001,random_candidate,ambiguous,6,0.0,False,3,3,3.152,0,wrong,Pick up the cup.,2.741333333333333,2.768
trial_20260508_164849_47bc34,scene_001,random_candidate,partial,6,0.0,False,3,3,3.152,1,correct,Pick up the cup.,2.741333333333333,2.768
trial_20260508_164940_336107,scene_001,random_candidate,partial,1,0.0,False,0,0,0.0,0,wrong,Pick up the orange cup.,0.0,0.0
trial_20260508_164955_d88ca1,scene_001,random_candidate,partial,1,0.0,False,0,0,0.0,0,wrong,Pick up the orange cup.,0.0,0.0
trial_20260508_165018_9937e0,scene_001,random_candidate,partial,0,0.0,False,0,0,0.0,0,wrong,Pick up the top cup.,0.0,0.0
trial_20260508_165047_7e94fc,scene_001,random_candidate,clear,1,0.0,False,0,0,0.0,1,correct,Pick up the blue cup.,0.0,0.0
trial_20260508_165109_6538d4,scene_001,random_candidate,clear,1,0.0,False,0,0,0.0,1,correct,Pick up the red cup.,0.0,0.0
trial_20260508_165412_c6e1d7,scene_001,random_candidate,clear,1,0.0,False,0,0,0.0,1,correct,Pick up the left most cup.,0.0,0.0
trial_20260508_165541_afd38d,scene_001,vlm_direct,clear,1,0.0,False,0,0,0.0,1,correct,Pick up the left most cup.,0.0,0.0
trial_20260508_165723_f733d4,scene_001,vlm_direct,clear,1,0.0,False,0,0,0.0,1,correct,Pick up the green cup.,0.0,0.0
trial_20260508_165749_dbf4fe,scene_001,vlm_direct,clear,1,0.0,False,0,0,0.0,1,correct,Pick up the blue cup.,0.0,0.0
trial_20260508_165821_39c0a2,scene_001,vlm_direct,partial,1,0.0,False,0,0,0.0,0,wrong,Pick up the orange cup.,0.0,0.0
trial_20260508_165859_834639,scene_001,vlm_direct,partial,0,0.0,False,0,0,0.0,0,wrong,Pick up the cup on the bottom half.,0.0,0.0
trial_20260508_165956_4717c9,scene_001,vlm_direct,partial,1,0.0,False,0,0,0.0,1,correct,Pick up the left cup.,0.0,0.0
trial_20260508_170012_8965d6,scene_001,vlm_direct,partial,1,0.0,False,0,0,0.0,1,correct,Pick up the bottom cup.,0.0,0.0
trial_20260508_170818_2625a6,scene_001,vlm_direct,ambiguous,6,0.0,False,3,3,3.152,1,correct,Pick up my cup.,2.741333333333333,2.768
trial_20260508_170938_da1b4c,scene_001,vlm_direct,ambiguous,6,0.0,False,3,3,3.152,0,wrong,Pick up my cup.,2.741333333333333,2.768
trial_20260508_171420_28fff4,scene_001,first_question,clear,1,0.0,False,0,0,0.0,1,correct,Pick up green cup.,0.0,0.0
trial_20260508_171451_eb10c3,scene_001,first_question,clear,1,0.0,False,0,0,0.0,1,correct,Pick up red cup.,0.0,0.0
trial_20260508_171507_afe9a5,scene_001,first_question,clear,0,0.0,False,0,0,0.0,1,correct,Pick up left most cup.,0.0,0.0
trial_20260508_171543_02c3dd,scene_001,first_question,clear,1,0.0,False,0,0,0.0,1,correct,Pick up most left cup.,0.0,0.0
trial_20260508_171619_4c7035,scene_001,first_question,clear,1,0.0,False,0,0,0.0,1,correct,Pick up blue cup.,0.0,0.0
trial_20260508_171710_d0492c,scene_001,first_question,partial,1,0.0,False,0,0,0.0,0,wrong,Pick up orange cup.,0.0,0.0
trial_20260508_171731_71f6c9,scene_001,first_question,ambiguous,6,5.0,True,3,3,3.152,1,correct,Pick up my cup.,2.741333333333333,2.768
trial_20260508_172305_d24bf0,scene_001,first_question,ambiguous,6,3.0,True,3,3,3.152,1,correct,Pick up my cup.,2.741333333333333,2.768
trial_20260508_172634_3bff3d,scene_001,first_question,ambiguous,6,5.0,True,3,3,3.152,1,correct,Pick up my cup.,2.741333333333333,2.768
trial_20260508_173226_8f5a8c,scene_001,random_question,clear,1,0.0,False,0,0,0.0,1,correct,Pick up green cup.,0.0,0.0
trial_20260508_173239_8072a8,scene_001,random_question,clear,1,0.0,False,0,0,0.0,1,correct,Pick up green cup.,0.0,0.0
trial_20260508_173304_4f9f4a,scene_001,random_question,clear,1,0.0,False,0,0,0.0,0,wrong,Pick up bottom cup.,0.0,0.0
trial_20260508_173445_c8600b,scene_001,random_question,partial,1,0.0,False,0,0,0.0,1,correct,Pick up cup on the left half.,0.0,0.0
trial_20260508_173522_38a553,scene_001,random_question,partial,1,0.0,False,0,0,0.0,1,correct,Pick up orange cup.,0.0,0.0
trial_20260508_173553_2447fc,scene_001,random_question,partial,1,0.0,False,0,0,0.0,1,correct,Pick up the cup on the right half.,0.0,0.0
trial_20260508_173633_f306eb,scene_001,random_question,ambiguous,6,3.0,True,3,3,3.152,1,correct,Pick up my cup.,2.741333333333333,2.768
trial_20260508_174228_d0b0fb,scene_001,random_question,ambiguous,6,6.0,True,3,3,3.152,1,correct,Pick up my cup.,2.741333333333333,2.768
trial_20260508_174846_d38ccb,scene_001,random_question,ambiguous,6,2.0,True,3,3,3.152,1,correct,Pick up my cup.,2.741333333333333,2.768
trial_20260508_175056_c68951,scene_001,vlm_best_question,partial,1,0.0,False,0,0,0.0,1,correct,Pick up green cup.,0.0,0.0
trial_20260508_175117_158f32,scene_001,vlm_best_question,clear,1,0.0,False,0,0,0.0,1,correct,Pick up green cup.,0.0,0.0
trial_20260508_175127_0e627d,scene_001,vlm_best_question,clear,1,0.0,False,0,0,0.0,1,correct,Pick up yellow cup.,0.0,0.0
trial_20260508_175157_4eeeea,scene_001,vlm_best_question,clear,1,0.0,False,0,0,0.0,0,wrong,Pick up the cup in the middle.,0.0,0.0
trial_20260508_175456_dd671a,scene_001,vlm_best_question,partial,1,0.0,False,0,0,0.0,1,correct,Pick up the most left cup.,0.0,0.0
trial_20260508_175507_edf1df,scene_001,vlm_best_question,clear,1,0.0,False,0,0,0.0,1,correct,Pick up the most left cup.,0.0,0.0
trial_20260508_175630_7360b2,scene_001,vlm_best_question,ambiguous,6,6.0,True,3,3,3.152,1,correct,Pick up my cup.,2.741333333333333,2.768
trial_20260508_180703_680135,scene_001,vlm_best_question,ambiguous,6,4.0,True,3,3,3.152,1,correct,Pick up my cup.,2.741333333333333,2.768
trial_20260508_181024_50d34f,scene_001,vlm_best_question,ambiguous,6,4.0,True,3,3,3.152,1,correct,Pick up my cup.,2.741333333333333,2.768
trial_20260508_181552_0ed400,scene_001,proposed_efe,clear,1,0.0,False,0,0,0.0,1,correct,Pick up green cup.,0.0,0.0
trial_20260508_181607_4c9048,scene_001,proposed_efe,clear,1,0.0,False,0,0,0.0,1,correct,Pick up yellow cup.,0.0,0.0
trial_20260508_181705_7860e3,scene_001,proposed_efe,clear,1,0.0,False,0,0,0.0,1,correct,Pick up most left cup.,0.0,0.0
trial_20260508_181747_6e5ebf,scene_001,proposed_efe,partial,1,0.0,False,0,0,0.0,1,correct,Pick up orange cup.,0.0,0.0
trial_20260508_181812_5471cc,scene_001,proposed_efe,partial,1,0.0,False,0,0,0.0,0,wrong,Pick up most center cup.,0.0,0.0
trial_20260508_182333_4aa7c7,scene_001,proposed_efe,ambiguous,6,3.0,True,3,3,3.152,1,correct,Pick up my cup.,2.741333333333333,2.768
trial_20260508_182624_05ba10,scene_001,proposed_efe,ambiguous,6,3.0,True,3,3,3.152,1,correct,Pick up my cup.,2.741333333333333,2.768
trial_20260508_184007_9e801d,scene_002,top_score,clear,1,0.0,False,0,0,0.0,1,correct,Pick up the green cup.,0.0,0.0
trial_20260508_184031_69b192,scene_002,top_score,clear,1,0.0,False,0,0,0.0,1,correct,Pick up the blue cup.,0.0,0.0
trial_20260508_184053_861c55,scene_002,top_score,clear,1,0.0,False,0,0,0.0,1,correct,Pick up the metal cup.,0.0,0.0
trial_20260508_184144_a4b65b,scene_002,top_score,partial,1,0.0,False,0,0,0.0,0,wrong,Pick up the orange cup.,0.0,0.0
trial_20260508_184223_1a504c,scene_002,top_score,partial,1,0.0,False,0,0,0.0,0,wrong,Pick up the cup on the left half.,0.0,0.0
trial_20260508_184305_05b753,scene_002,top_score,partial,0,0.0,False,0,0,0.0,0,unresolved,Pick up the cup near the orange one.,0.0,0.0
trial_20260508_184355_c1791f,scene_002,top_score,ambiguous,6,0.0,False,3,3,3.152,0,unresolved,Pick up my cup.,2.741333333333333,2.768
trial_20260508_184407_dd3c46,scene_002,top_score,ambiguous,6,0.0,False,3,3,3.152,0,unresolved,Pick up my cup.,2.741333333333333,2.768
trial_20260508_184413_0f9011,scene_002,top_score,ambiguous,6,0.0,False,3,3,3.152,0,unresolved,Pick up my cup.,2.741333333333333,2.768
trial_20260508_184445_d39cf0,scene_002,random_candidate,ambiguous,6,0.0,False,3,3,3.152,1,correct,Pick up my cup.,2.741333333333333,2.768
trial_20260508_184452_bc691e,scene_002,random_candidate,ambiguous,6,0.0,False,3,3,3.152,0,wrong,Pick up my cup.,2.741333333333333,2.768
trial_20260508_184501_f2f9b5,scene_002,random_candidate,ambiguous,6,0.0,False,3,3,3.152,0,wrong,Pick up my cup.,2.741333333333333,2.768
trial_20260508_184710_bb39e6,scene_002,random_candidate,partial,1,0.0,False,0,0,0.0,0,wrong,Pick up left cup.,0.0,0.0
trial_20260508_184749_924a29,scene_002,random_candidate,partial,0,0.0,False,0,0,0.0,0,wrong,Pick up the cup near the orange cup.,0.0,0.0
trial_20260508_184837_9fa5ee,scene_002,random_candidate,partial,6,0.0,False,3,3,3.152,0,unresolved,Pick up the mug.,2.741333333333333,2.768
trial_20260508_184925_46e3ae,scene_002,random_candidate,clear,1,0.0,False,0,0,0.0,1,correct,Pick up the green mug.,0.0,0.0
trial_20260508_184953_bb19c0,scene_002,random_candidate,clear,1,0.0,False,0,0,0.0,1,correct,Pick up the green mug.,0.0,0.0
trial_20260508_185005_85c636,scene_002,random_candidate,clear,1,0.0,False,0,0,0.0,1,correct,Pick up the left most mug.,0.0,0.0
trial_20260508_185856_a28e9e,scene_002,random_candidate,clear,1,0.0,False,0,0,0.0,1,correct,Pick up the right orange cup.,0.0,0.0
trial_20260508_190606_afedca,scene_002,vlm_direct,clear,1,0.0,False,0,0,0.0,1,correct,Pick up the green cup.,0.0,0.0
trial_20260508_190634_ff8635,scene_002,vlm_direct,clear,1,0.0,False,0,0,0.0,1,correct,Pick up the left orange cup.,0.0,0.0
trial_20260508_190807_5c5eef,scene_002,vlm_direct,partial,1,0.0,False,0,0,0.0,0,wrong,Pick up the orange cup.,0.0,0.0
trial_20260508_190827_0e0912,scene_002,vlm_direct,partial,6,0.0,False,3,3,3.152,0,wrong,Pick up the cup with lid.,2.741333333333333,2.768
trial_20260508_190926_3ee83e,scene_002,vlm_direct,partial,6,0.0,False,3,3,3.152,0,wrong,Pick up the cup on the left.,2.741333333333333,2.768
trial_20260508_191018_5aa70e,scene_002,vlm_direct,partial,1,0.0,False,0,0,0.0,0,wrong,Pick up top half cup.,0.0,0.0
trial_20260508_191146_80d4aa,scene_002,vlm_direct,ambiguous,6,0.0,False,3,3,3.152,0,wrong,Pick up my cup.,2.741333333333333,2.768
trial_20260508_191316_09baac,scene_002,vlm_direct,ambiguous,6,0.0,False,3,3,3.152,0,wrong,Pick up my cup.,2.741333333333333,2.768
trial_20260508_191459_14f27b,scene_002,vlm_direct,ambiguous,6,0.0,False,3,3,3.152,0,wrong,Pick up my cup.,2.741333333333333,2.768
trial_20260508_191645_ecf5a0,scene_002,first_question,clear,1,0.0,False,0,0,0.0,1,correct,Pick up right orange cup.,0.0,0.0
trial_20260508_191750_38d292,scene_002,first_question,clear,1,0.0,False,0,0,0.0,1,correct,Pick up metal cup.,0.0,0.0
trial_20260508_191821_3d4888,scene_002,first_question,partial,6,2.0,True,3,3,3.152,1,correct,Pick up center cup.,2.741333333333333,2.768
trial_20260508_192223_b502b5,scene_002,first_question,partial,1,0.0,False,0,0,0.0,1,correct,Pick up left cup.,0.0,0.0
trial_20260508_192302_c2c6f2,scene_002,first_question,partial,6,4.0,True,3,3,3.152,1,correct,Pick up plastic cup.,2.741333333333333,2.768
trial_20260508_194929_42aaf6,scene_002,first_question,ambiguous,6,5.0,True,3,3,3.152,1,correct,Pick up my cup.,2.741333333333333,2.768
trial_20260508_211823_dec7ef,scene_002,first_question,ambiguous,6,1.0,True,3,3,3.152,1,correct,Pick up my cup,2.741333333333333,2.768
trial_20260508_212710_9c59d4,scene_002,first_question,ambiguous,6,5.0,True,3,3,3.152,1,correct,Pick up my cup,2.741333333333333,2.768
trial_20260508_213201_777af7,scene_002,random_question,ambiguous,6,4.0,True,3,3,3.152,1,correct,Pick up my cup,2.741333333333333,2.768
trial_20260508_214002_93100d,scene_002,random_question,ambiguous,6,4.0,True,3,3,3.152,1,correct,Pick up my cup.,2.741333333333333,2.768
trial_20260508_214430_cf471e,scene_002,random_question,ambiguous,6,2.0,True,3,3,3.152,1,correct,Pick up my cup.,2.741333333333333,2.768
trial_20260508_214623_93cb9d,scene_002,random_question,clear,1,0.0,False,0,0,0.0,1,correct,Pick up green cup.,0.0,0.0
trial_20260508_214645_15169e,scene_002,random_question,clear,1,0.0,False,0,0,0.0,1,correct,Pick up most left cup.,0.0,0.0
trial_20260508_214701_c0e51a,scene_002,random_question,clear,1,0.0,False,0,0,0.0,1,correct,Pick up metal cup.,0.0,0.0
trial_20260508_214756_539ded,scene_002,random_question,partial,6,1.0,True,3,3,3.152,0,unresolved,Pick up center cup.,2.741333333333333,2.768
trial_20260508_215233_0aefda,scene_002,random_question,partial,1,0.0,False,0,0,0.0,1,correct,Pick up left cup.,0.0,0.0
trial_20260508_215321_0c22b1,scene_002,vlm_best_question,partial,6,2.0,True,3,3,3.152,1,correct,Pick up center cup.,2.741333333333333,2.768
trial_20260508_215651_aff17e,scene_002,vlm_best_question,partial,1,0.0,False,0,0,0.0,1,correct,Pick up center orange cup.,0.0,0.0
trial_20260508_215710_f9f36b,scene_002,vlm_best_question,clear,1,0.0,False,0,0,0.0,1,correct,Pick up green cup.,0.0,0.0
trial_20260508_215722_31122c,scene_002,vlm_best_question,clear,1,0.0,False,0,0,0.0,1,correct,Pick up blue cup.,0.0,0.0
trial_20260508_215733_2bbf39,scene_002,vlm_best_question,clear,1,0.0,False,0,0,0.0,1,correct,Pick up metal cup.,0.0,0.0
trial_20260508_215809_9d7555,scene_002,vlm_best_question,ambiguous,6,5.0,True,3,3,3.152,1,correct,Pick up my cup.,2.741333333333333,2.768
trial_20260508_220847_e5baad,scene_002,vlm_best_question,ambiguous,6,3.0,True,3,3,3.152,1,correct,Pick up my cup.,2.741333333333333,2.768
trial_20260508_221646_f58089,scene_002,vlm_best_question,ambiguous,6,4.0,True,3,3,3.152,1,correct,Pick up my cup.,2.741333333333333,2.768
trial_20260508_222017_8b84cf,scene_002,proposed_efe,clear,1,0.0,False,0,0,0.0,1,correct,Pick up green cup.,0.0,0.0
trial_20260508_222058_debc44,scene_002,proposed_efe,clear,1,0.0,False,0,0,0.0,1,correct,Pick up most metal cup.,0.0,0.0
trial_20260508_222117_b8a639,scene_002,proposed_efe,partial,1,0.0,False,0,0,0.0,0,wrong,Pick up most center cup.,0.0,0.0
trial_20260508_222202_08cdcb,scene_002,proposed_efe,partial,6,2.0,True,3,3,3.152,1,correct,Pick up center cup.,2.741333333333333,2.768
trial_20260508_222713_cbd8e6,scene_002,proposed_efe,ambiguous,6,2.0,True,3,3,3.152,1,correct,Pick up my cup.,2.741333333333333,2.768
trial_20260508_222918_5f2775,scene_002,proposed_efe,ambiguous,6,2.0,True,3,3,3.152,1,correct,Pick up my cup.,2.741333333333333,2.768
trial_20260508_223127_f7f7d7,scene_002,proposed_efe,ambiguous,6,4.0,True,3,3,3.152,1,correct,Pick up my cup.,2.741333333333333,2.768
trial_20260510_170814_dc7d21,scene_003,top_score,clear,1,0.0,False,0,0,0.0,1,correct,Pick up the green cup.,0.0,0.0
trial_20260510_170903_a99574,scene_003,top_score,clear,1,0.0,False,0,0,0.0,1,correct,Pick up the orange cup.,0.0,0.0
trial_20260510_170921_4b72ac,scene_003,top_score,clear,1,0.0,False,0,0,0.0,1,correct,Pick up the metal cup.,0.0,0.0
trial_20260510_171035_9ed257,scene_003,top_score,partial,1,0.0,False,0,0,0.0,1,correct,Pick up the center cup.,0.0,0.0
trial_20260510_171233_489816,scene_003,top_score,ambiguous,6,0.0,False,3,3,3.152,0,wrong,Pick up my cup.,2.741333333333333,2.768
trial_20260510_171239_f46d33,scene_003,top_score,ambiguous,6,0.0,False,3,3,3.152,0,wrong,Pick up my cup.,2.741333333333333,2.768
trial_20260510_171320_586a1c,scene_003,random_candidate,ambiguous,6,0.0,False,3,3,3.152,0,wrong,Pick up my cup.,2.741333333333333,2.768
trial_20260510_171329_cb093a,scene_003,random_candidate,ambiguous,6,0.0,False,3,3,3.152,0,wrong,Pick up my cup.,2.741333333333333,2.768
trial_20260510_171338_050a67,scene_003,random_candidate,ambiguous,6,0.0,False,3,3,3.152,0,wrong,Pick up my cup.,2.741333333333333,2.768
trial_20260510_171356_10b254,scene_003,random_candidate,partial,1,0.0,False,0,0,0.0,1,correct,Pick up center cup.,0.0,0.0
trial_20260510_171410_715889,scene_003,random_candidate,partial,1,0.0,False,0,0,0.0,0,wrong,Pick up plastic cup.,0.0,0.0
trial_20260510_171514_b10ec3,scene_003,random_candidate,clear,1,0.0,False,0,0,0.0,1,correct,Pick up metal cup.,0.0,0.0
trial_20260510_171529_d65ae4,scene_003,random_candidate,partial,1,0.0,False,0,0,0.0,1,correct,Pick up orange cup.,0.0,0.0
trial_20260510_171633_5a108e,scene_003,vlm_direct,clear,1,0.0,False,0,0,0.0,1,correct,Pick up most right cup.,0.0,0.0
trial_20260510_171646_9498c4,scene_003,vlm_direct,clear,1,0.0,False,0,0,0.0,1,correct,Pick up green cup.,0.0,0.0
trial_20260510_171743_d9f983,scene_003,vlm_direct,clear,1,0.0,False,0,0,0.0,1,correct,Pick up metal cup.,0.0,0.0
trial_20260510_171801_7a1c20,scene_003,vlm_direct,clear,1,0.0,False,0,0,0.0,0,wrong,Pick up the red cup.,0.0,0.0
trial_20260510_171827_ab99d6,scene_003,vlm_direct,clear,1,0.0,False,0,0,0.0,1,correct,Pick up the center cup.,0.0,0.0
trial_20260510_171838_007ea2,scene_003,vlm_direct,clear,1,0.0,False,0,0,0.0,1,correct,Pick up small red cup.,0.0,0.0
trial_20260510_171901_7d02fc,scene_003,vlm_direct,ambiguous,6,0.0,False,3,3,3.152,0,wrong,Pick up my cup.,2.741333333333333,2.768
trial_20260510_172009_fe98f9,scene_003,vlm_direct,ambiguous,6,0.0,False,3,3,3.152,0,wrong,Pick up my cup.,2.741333333333333,2.768
trial_20260510_172500_a36304,scene_003,first_question,clear,1,0.0,False,0,0,0.0,1,correct,Pick up small red cup.,0.0,0.0
trial_20260510_172514_1903b0,scene_003,first_question,clear,1,0.0,False,0,0,0.0,1,correct,Pick up metal cup.,0.0,0.0
trial_20260510_173524_cf602a,scene_003,first_question,partial,6,2.0,True,3,3,3.152,1,correct,Pick up the left cup.,2.741333333333333,2.768
trial_20260510_173716_a697f9,scene_003,first_question,partial,1,0.0,False,0,0,0.0,1,correct,Pick up the red cup.,0.0,0.0
trial_20260510_173733_db0b66,scene_003,first_question,partial,1,0.0,False,0,0,0.0,0,unresolved,Pick up the plastic cup.,0.0,0.0
trial_20260510_173752_bf5d3d,scene_003,first_question,ambiguous,6,4.0,True,3,3,3.152,1,correct,Pick up my cup.,2.741333333333333,2.768
trial_20260510_174213_d2ea8b,scene_003,first_question,ambiguous,6,1.0,True,3,3,3.152,1,correct,Pick up my cup.,2.741333333333333,2.768
trial_20260510_174341_351b11,scene_003,first_question,ambiguous,6,3.0,True,3,3,3.152,1,correct,Pick up my cup.,2.741333333333333,2.768
trial_20260510_175343_d59761,scene_003,random_question,clear,1,0.0,False,0,0,0.0,1,correct,Pick up green cup.,0.0,0.0
trial_20260510_175359_a0236c,scene_003,random_question,clear,1,0.0,False,0,0,0.0,1,correct,Pick up metal cup.,0.0,0.0
trial_20260510_175426_dbff78,scene_003,random_question,clear,1,0.0,False,0,0,0.0,1,correct,Pick up red cup.,0.0,0.0
trial_20260510_175502_e27a6a,scene_003,random_question,partial,6,3.0,True,3,3,3.152,1,correct,Pick up right cup.,2.741333333333333,2.768
trial_20260510_175829_99f5c6,scene_003,random_question,partial,1,0.0,False,0,0,0.0,1,correct,Pick up plastic cup.,0.0,0.0
trial_20260510_212755_1bdce6,scene_003,random_question,ambiguous,6,4.0,True,3,3,3.152,1,correct,Pick up my cup.,2.741333333333333,2.768
trial_20260510_213410_87193b,scene_003,random_question,ambiguous,6,3.0,True,3,3,3.152,1,correct,Pick up my cup.,2.741333333333333,2.768
trial_20260510_213703_20eb9f,scene_003,random_question,ambiguous,6,4.0,True,3,3,3.152,1,correct,Pick up my cup.,2.741333333333333,2.768
trial_20260510_214219_21d718,scene_003,vlm_best_question,ambiguous,6,3.0,True,3,3,3.152,1,correct,Pick up my cup.,2.741333333333333,2.768
trial_20260510_214541_4a15d5,scene_003,vlm_best_question,ambiguous,6,3.0,True,3,3,3.152,1,correct,Pick up my cup.,2.741333333333333,2.768
trial_20260510_214849_7fee96,scene_003,vlm_best_question,ambiguous,6,1.0,True,3,3,3.152,1,correct,Pick up my cup.,2.741333333333333,2.768
trial_20260510_215001_7cfec2,scene_003,vlm_best_question,clear,1,0.0,False,0,0,0.0,1,correct,Pick up green cup.,0.0,0.0
trial_20260510_215032_c493a6,scene_003,vlm_best_question,clear,1,0.0,False,0,0,0.0,1,correct,Pick up small red cup.,0.0,0.0
trial_20260510_215056_2defcc,scene_003,vlm_best_question,partial,1,0.0,False,0,0,0.0,1,correct,Pick up center cup.,0.0,0.0
trial_20260510_215325_293c97,scene_003,vlm_best_question,partial,6,0.0,False,3,3,3.152,1,correct,Pick up left cup.,2.741333333333333,2.768
trial_20260510_215633_e58bf7,scene_003,proposed_efe,partial,6,2.0,True,3,3,3.152,1,correct,Pick up the left cup.,2.741333333333333,2.768
trial_20260510_215935_221871,scene_003,proposed_efe,partial,6,3.0,True,3,3,3.152,1,correct,Pick up the right cup.,2.741333333333333,2.768
trial_20260510_220451_06a3f8,scene_003,proposed_efe,partial,1,0.0,False,0,0,0.0,1,correct,Pick up the center cup.,0.0,0.0
trial_20260510_220504_443823,scene_003,proposed_efe,partial,1,0.0,False,0,0,0.0,1,correct,Pick up the orange cup.,0.0,0.0
trial_20260510_220523_071f89,scene_003,proposed_efe,partial,1,0.0,False,0,0,0.0,1,correct,Pick up the metal cup.,0.0,0.0
trial_20260510_220552_542be3,scene_003,proposed_efe,partial,1,0.0,False,0,0,0.0,1,correct,Pick up the small red cup.,0.0,0.0
trial_20260510_220908_d49e16,scene_003,proposed_efe,ambiguous,6,2.0,True,3,3,3.152,1,correct,Pick up my cup.,2.741333333333333,2.768
trial_20260510_221207_457986,scene_003,proposed_efe,ambiguous,6,2.0,True,3,3,3.152,1,correct,Pick up my cup.,2.741333333333333,2.768
trial_20260510_221507_1b54d5,scene_003,proposed_efe,ambiguous,6,2.0,True,3,3,3.152,1,correct,Pick up my cup.,2.741333333333333,2.768
trial_20260510_221925_fa25ea,scene_004,top_score,clear,1,0.0,False,0,0,0.0,1,correct,Pick up the yellow cup.,0.0,0.0
trial_20260510_222103_f69ede,scene_004,top_score,clear,6,0.0,False,3,3,3.152,0,unresolved,Pick up the left most cup.,2.741333333333333,2.768
trial_20260510_222130_4c6af4,scene_004,top_score,clear,1,0.0,False,0,0,0.0,1,correct,Pick up the orange cup.,0.0,0.0
trial_20260510_222157_01bf51,scene_004,top_score,partial,1,0.0,False,0,0,0.0,0,wrong,Pick up the blue cup.,0.0,0.0
trial_20260510_222217_fc9cdb,scene_004,top_score,partial,1,0.0,False,0,0,0.0,1,correct,Pick up the center cup.,0.0,0.0
trial_20260510_222248_66f5e8,scene_004,top_score,partial,6,0.0,False,3,3,3.152,0,unresolved,Pick up the left cup.,2.741333333333333,2.768
trial_20260510_222304_22d89d,scene_004,top_score,ambiguous,6,0.0,False,3,3,3.152,0,wrong,Pick up my cup.,2.741333333333333,2.768
trial_20260510_222313_8a950c,scene_004,top_score,ambiguous,6,0.0,False,3,3,3.152,0,wrong,Pick up my cup.,2.741333333333333,2.768
trial_20260510_222319_e220ec,scene_004,top_score,ambiguous,6,0.0,False,3,3,3.152,0,wrong,Pick up my cup.,2.741333333333333,2.768
trial_20260510_222446_becbe5,scene_004,random_candidate,ambiguous,6,0.0,False,3,3,3.152,1,correct,Pick up my cup.,2.741333333333333,2.768
trial_20260510_222500_12dd57,scene_004,random_candidate,ambiguous,6,0.0,False,3,3,3.152,0,wrong,Pick up my cup.,2.741333333333333,2.768
trial_20260510_222511_4c3c41,scene_004,random_candidate,ambiguous,6,0.0,False,3,3,3.152,0,wrong,Pick up my cup.,2.741333333333333,2.768
trial_20260510_222530_f5468b,scene_004,random_candidate,clear,1,0.0,False,0,0,0.0,1,correct,Pick up the green cup.,0.0,0.0
trial_20260510_222603_88a394,scene_004,random_candidate,clear,1,0.0,False,0,0,0.0,1,correct,Pick up the red cup.,0.0,0.0
trial_20260510_222622_8a494a,scene_004,random_candidate,clear,6,0.0,False,3,3,3.152,1,correct,Pick up the left blue cup.,2.741333333333333,2.768
trial_20260510_224317_45f365,scene_004,proposed_efe,clear,1,0.0,False,0,0,0.0,1,correct,Pick up the left blue cup.,0.0,0.0
trial_20260510_224343_e612df,scene_004,random_candidate,clear,1,0.0,False,0,0,0.0,1,correct,Pick up the left blue cup.,0.0,0.0
trial_20260510_224402_e83830,scene_004,vlm_direct,clear,1,0.0,False,0,0,0.0,1,correct,Pick up the left blue cup.,0.0,0.0
trial_20260510_224417_123b87,scene_004,vlm_direct,clear,1,0.0,False,0,0,0.0,1,correct,Pick up the green cup.,0.0,0.0
trial_20260510_224502_981808,scene_004,vlm_direct,partial,1,0.0,False,0,0,0.0,1,correct,Pick up the center cup.,0.0,0.0
trial_20260510_224519_54a615,scene_004,vlm_direct,partial,1,0.0,False,0,0,0.0,0,unresolved,Pick up the blue cup.,0.0,0.0
trial_20260510_224535_2637c7,scene_004,vlm_direct,partial,1,0.0,False,0,0,0.0,0,unresolved,Pick up the right cup.,0.0,0.0
trial_20260510_224558_b1c462,scene_004,vlm_direct,ambiguous,6,0.0,False,3,3,3.152,0,wrong,Pick up my cup.,2.741333333333333,2.768
trial_20260510_224656_a9cb35,scene_004,vlm_direct,ambiguous,6,0.0,False,3,3,3.152,1,correct,Pick up my cup.,2.741333333333333,2.768
trial_20260510_224807_2e20e8,scene_004,vlm_direct,ambiguous,6,0.0,False,3,3,3.152,0,wrong,Pick up my cup.,2.741333333333333,2.768
trial_20260510_224919_cede4b,scene_004,first_question,ambiguous,6,4.0,True,3,3,3.152,1,correct,Pick up my cup.,2.741333333333333,2.768
trial_20260510_225415_697dfa,scene_004,first_question,ambiguous,6,4.0,True,3,3,3.152,1,correct,Pick up my cup.,2.741333333333333,2.768
trial_20260510_225739_909f63,scene_004,first_question,clear,1,0.0,False,0,0,0.0,1,correct,Pick up green cup.,0.0,0.0
trial_20260510_225753_3a505a,scene_004,first_question,clear,1,0.0,False,0,0,0.0,1,correct,Pick up left blue cup.,0.0,0.0
trial_20260510_225813_90f2e9,scene_004,first_question,clear,1,0.0,False,0,0,0.0,1,correct,Pick up left most cup.,0.0,0.0
trial_20260510_225931_df6352,scene_004,first_question,partial,1,0.0,False,0,0,0.0,1,correct,Pick up right most cup.,0.0,0.0
trial_20260510_225945_e26ee3,scene_004,first_question,partial,1,0.0,False,0,0,0.0,1,correct,Pick up right most blue cup.,0.0,0.0
trial_20260510_230029_8df7ec,scene_004,first_question,partial,1,0.0,False,0,0,0.0,1,correct,Pick up second right cup.,0.0,0.0
trial_20260510_230123_27c655,scene_004,first_question,partial,1,0.0,False,0,0,0.0,1,correct,Pick up the center cup.,0.0,0.0
trial_20260510_230134_8b5085,scene_004,random_question,partial,1,0.0,False,0,0,0.0,1,correct,Pick up the center cup.,0.0,0.0
trial_20260510_230214_c65675,scene_004,random_question,partial,1,0.0,False,0,0,0.0,1,correct,Pick up the right cup.,0.0,0.0
trial_20260510_230223_4dc701,scene_004,random_question,partial,1,0.0,False,0,0,0.0,1,correct,Pick up the most right cup.,0.0,0.0
trial_20260510_230259_9c9f47,scene_004,random_question,clear,1,0.0,False,0,0,0.0,1,correct,Pick up the left blue cup.,0.0,0.0
trial_20260510_230308_19fd3c,scene_004,random_question,clear,1,0.0,False,0,0,0.0,1,correct,Pick up the red cup.,0.0,0.0
trial_20260510_230345_b3cd71,scene_004,random_question,ambiguous,6,1.0,True,3,3,3.152,1,correct,Pick up my cup.,2.741333333333333,2.768
trial_20260510_230453_acad31,scene_004,random_question,ambiguous,6,3.0,True,3,3,3.152,1,correct,Pick up my cup.,2.741333333333333,2.768
trial_20260510_230730_a0fcd3,scene_004,random_question,ambiguous,6,4.0,True,3,3,3.152,1,correct,Pick up my cup.,2.741333333333333,2.768
trial_20260510_231259_a616ed,scene_004,vlm_best_question,ambiguous,6,4.0,True,3,3,3.152,1,correct,Pick up my cup.,2.741333333333333,2.768
trial_20260510_231720_31765f,scene_004,vlm_best_question,ambiguous,6,4.0,True,3,3,3.152,1,correct,Pick up my cup.,2.741333333333333,2.768
trial_20260510_232841_2589f3,scene_004,vlm_best_question,ambiguous,6,3.0,True,3,3,3.152,1,correct,Pick up my cup.,2.741333333333333,2.768
trial_20260510_233154_489886,scene_004,vlm_best_question,partial,1,0.0,False,0,0,0.0,1,correct,Pick up green cup.,0.0,0.0
trial_20260510_233206_712e0c,scene_004,vlm_best_question,partial,1,0.0,False,0,0,0.0,1,correct,Pick up left blue cup.,0.0,0.0
trial_20260510_233216_c1edd3,scene_004,vlm_best_question,partial,1,0.0,False,0,0,0.0,1,correct,Pick up left most cup.,0.0,0.0
trial_20260510_233348_108089,scene_004,vlm_best_question,partial,1,0.0,False,0,0,0.0,1,correct,Pick up right most cup.,0.0,0.0
trial_20260510_233459_f2ddea,scene_004,vlm_best_question,partial,1,0.0,False,0,0,0.0,1,correct,Pick up left cup.,0.0,0.0
trial_20260510_233519_9db79d,scene_004,proposed_efe,partial,1,0.0,False,0,0,0.0,1,correct,Pick up left cup.,0.0,0.0
trial_20260510_233535_534816,scene_004,proposed_efe,partial,1,0.0,False,0,0,0.0,1,correct,Pick up most right cup.,0.0,0.0
trial_20260510_233555_6f4d3a,scene_004,proposed_efe,partial,1,0.0,False,0,0,0.0,1,correct,Pick up right cup.,0.0,0.0
trial_20260510_233608_507a2f,scene_004,proposed_efe,clear,1,0.0,False,0,0,0.0,1,correct,Pick up yellow cup.,0.0,0.0
trial_20260510_233629_3777bd,scene_004,proposed_efe,clear,1,0.0,False,0,0,0.0,1,correct,Pick up left most cup.,0.0,0.0
trial_20260510_233703_dd9ac4,scene_004,proposed_efe,ambiguous,6,2.0,True,3,3,3.152,1,correct,Pick up my cup.,2.741333333333333,2.768
trial_20260510_234007_b0149d,scene_004,proposed_efe,ambiguous,6,2.0,True,3,3,3.152,1,correct,Pick up my cup.,2.741333333333333,2.768
trial_20260510_234221_085174,scene_004,proposed_efe,ambiguous,6,4.0,True,3,3,3.152,1,correct,Pick up my cup.,2.741333333333333,2.768
trial_20260510_235105_b4a3b1,scene_005,proposed_efe,ambiguous,6,3.0,True,3,3,3.152,1,correct,Pick up my cup.,2.741333333333333,2.768
trial_20260510_235404_6c3b8b,scene_005,top_score,ambiguous,6,0.0,False,3,3,3.152,0,wrong,Pick up my cup.,2.741333333333333,2.768
trial_20260510_235410_d92792,scene_005,top_score,ambiguous,6,0.0,False,3,3,3.152,0,wrong,Pick up my cup.,2.741333333333333,2.768
trial_20260510_235415_32d819,scene_005,top_score,ambiguous,6,0.0,False,3,3,3.152,0,wrong,Pick up my cup.,2.741333333333333,2.768
trial_20260510_235447_a70add,scene_005,top_score,partial,1,0.0,False,0,0,0.0,1,correct,Pick up left most cup.,0.0,0.0
trial_20260510_235521_fb57d2,scene_005,top_score,partial,1,0.0,False,0,0,0.0,1,correct,Pick up the bottom cup.,0.0,0.0
trial_20260510_235538_5533d0,scene_005,top_score,partial,1,0.0,False,0,0,0.0,1,correct,Pick up the yellow cup.,0.0,0.0
trial_20260510_235638_545832,scene_005,top_score,partial,1,0.0,False,0,0,0.0,1,correct,Pick up the left most cup.,0.0,0.0
trial_20260510_235803_a463b7,scene_005,random_candidate,partial,1,0.0,False,0,0,0.0,1,correct,Pick up the left most cup.,0.0,0.0
trial_20260510_235828_760a10,scene_005,random_candidate,clear,1,0.0,False,0,0,0.0,1,correct,Pick up the second left cup.,0.0,0.0
trial_20260510_235846_4a6fd6,scene_005,random_candidate,clear,2,0.0,False,1,1,1.0,1,correct,Pick up the green cup.,1.0,1.0
trial_20260510_235937_2712aa,scene_005,random_candidate,clear,1,0.0,False,0,0,0.0,1,correct,Pick up center cup.,0.0,0.0
trial_20260510_235950_946ea7,scene_005,random_candidate,partial,6,0.0,False,3,3,3.152,0,wrong,Pick up right cup.,2.741333333333333,2.768
trial_20260511_000008_6acb45,scene_005,random_candidate,partial,2,0.0,False,1,1,1.0,1,correct,Pick up green cup.,1.0,1.0
trial_20260511_000036_e8b2f0,scene_005,random_candidate,ambiguous,6,0.0,False,3,3,3.152,0,wrong,Pick up my cup.,2.741333333333333,2.768
trial_20260511_000044_945aef,scene_005,random_candidate,ambiguous,6,0.0,False,3,3,3.152,0,wrong,Pick up my cup.,2.741333333333333,2.768
trial_20260511_000051_acde57,scene_005,random_candidate,ambiguous,6,0.0,False,3,3,3.152,1,correct,Pick up my cup.,2.741333333333333,2.768
trial_20260511_000113_d7785a,scene_005,vlm_direct,ambiguous,6,0.0,False,3,3,3.152,0,wrong,Pick up my cup.,2.741333333333333,2.768
trial_20260511_000356_75b4bc,scene_005,vlm_direct,ambiguous,6,0.0,False,3,3,3.152,0,wrong,Pick up my cup.,2.741333333333333,2.768
trial_20260511_000748_3de706,scene_005,vlm_direct,partial,1,0.0,False,0,0,0.0,0,wrong,Pick up left cup.,0.0,0.0
trial_20260511_000804_231fd3,scene_005,vlm_direct,partial,2,0.0,False,1,1,1.0,0,wrong,Pick up green cup.,1.0,1.0
trial_20260511_001025_dafd73,scene_005,vlm_direct,partial,1,0.0,False,0,0,0.0,0,wrong,Pick up metal cup.,0.0,0.0
trial_20260511_001110_a7968b,scene_005,vlm_direct,clear,1,0.0,False,0,0,0.0,1,correct,Pick up brown cup.,0.0,0.0
trial_20260511_001123_c1793e,scene_005,vlm_direct,clear,1,0.0,False,0,0,0.0,1,correct,Pick up blue cup.,0.0,0.0
trial_20260511_001153_215498,scene_005,vlm_direct,clear,1,0.0,False,0,0,0.0,1,correct,Pick up bottom cup.,0.0,0.0
trial_20260511_001215_d5461c,scene_005,first_question,clear,1,0.0,False,0,0,0.0,1,correct,Pick up bottom cup.,0.0,0.0
trial_20260511_001259_18590e,scene_005,first_question,clear,1,0.0,False,0,0,0.0,1,correct,Pick up left most cup.,0.0,0.0
trial_20260511_001350_efc877,scene_005,first_question,clear,1,0.0,False,0,0,0.0,1,correct,Pick up the center cup.,0.0,0.0
trial_20260511_001410_917087,scene_005,first_question,partial,2,1.0,True,1,1,1.0,1,correct,Pick up the green cup.,1.0,1.0
trial_20260511_001643_4c5e53,scene_005,first_question,partial,6,1.0,True,3,3,3.152,1,correct,Pick up the top cup.,2.741333333333333,2.768
trial_20260511_001749_c2da03,scene_005,first_question,ambiguous,6,4.0,True,3,3,3.152,1,correct,Pick up my cup.,2.741333333333333,2.768
trial_20260511_002106_e630ec,scene_005,first_question,ambiguous,6,4.0,True,3,3,3.152,1,correct,Pick up my cup.,2.741333333333333,2.768
trial_20260511_002511_4c0aa2,scene_005,first_question,ambiguous,6,3.0,True,3,3,3.152,1,correct,Pick up my cup.,2.741333333333333,2.768
trial_20260511_002919_72d0b0,scene_005,random_question,ambiguous,6,5.0,True,3,3,3.152,1,correct,Pick up my cup.,2.741333333333333,2.768
trial_20260511_003513_0c2be0,scene_005,random_question,ambiguous,6,2.0,True,3,3,3.152,1,correct,Pick up my cup.,2.741333333333333,2.768
trial_20260511_003648_2e2a53,scene_005,random_question,ambiguous,6,2.0,True,3,3,3.152,1,correct,Pick up my cup.,2.741333333333333,2.768
trial_20260511_003848_134d16,scene_005,random_question,partial,1,0.0,False,0,0,0.0,1,correct,Pick up the center cup.,0.0,0.0
trial_20260511_003901_fc315b,scene_005,random_question,partial,1,0.0,False,0,0,0.0,1,correct,Pick up the left cup.,0.0,0.0
trial_20260511_003916_fab9a1,scene_005,random_question,partial,2,1.0,True,1,1,1.0,1,correct,Pick up the green cup.,1.0,1.0
trial_20260511_004125_47b92c,scene_005,random_question,partial,1,0.0,False,0,0,0.0,1,correct,Pick up the orange cup.,0.0,0.0
trial_20260511_004141_0f8ba6,scene_005,random_question,partial,1,0.0,False,0,0,0.0,1,correct,Pick up the brown cup.,0.0,0.0
trial_20260511_004159_fc20ca,scene_005,random_question,clear,1,0.0,False,0,0,0.0,1,correct,Pick up the left most cup.,0.0,0.0
trial_20260511_004209_3cf81d,scene_005,vlm_best_question,clear,1,0.0,False,0,0,0.0,1,correct,Pick up the left most cup.,0.0,0.0
trial_20260511_004222_bb42d0,scene_005,vlm_best_question,clear,1,0.0,False,0,0,0.0,1,correct,Pick up the blue cup.,0.0,0.0
trial_20260511_004258_5e2016,scene_005,vlm_best_question,clear,1,0.0,False,0,0,0.0,1,correct,Pick up the white cup.,0.0,0.0
trial_20260511_004321_09cb5c,scene_005,vlm_best_question,partial,1,0.0,False,0,0,0.0,1,correct,Pick up the center cup.,0.0,0.0
trial_20260511_004930_7fa41f,scene_005,vlm_best_question,partial,2,1.0,True,1,1,1.0,1,correct,Pick up the green cup.,1.0,1.0
trial_20260511_005040_b9418d,scene_005,vlm_best_question,ambiguous,6,5.0,True,3,3,3.152,1,correct,Pick up my cup.,2.741333333333333,2.768
trial_20260511_005511_ad44d3,scene_005,vlm_best_question,ambiguous,6,4.0,True,3,3,3.152,1,correct,Pick up my cup.,2.741333333333333,2.768
trial_20260511_005835_f47a65,scene_005,vlm_best_question,ambiguous,6,5.0,True,3,3,3.152,1,correct,Pick up my cup.,2.741333333333333,2.768
trial_20260511_010408_b7c385,scene_005,proposed_efe,clear,1,0.0,False,0,0,0.0,1,correct,Pick up the orange cup.,0.0,0.0
trial_20260511_010433_e12b57,scene_005,proposed_efe,clear,1,0.0,False,0,0,0.0,1,correct,Pick up the second left cup.,0.0,0.0
trial_20260511_010458_f08a3f,scene_005,proposed_efe,clear,1,0.0,False,0,0,0.0,1,correct,Pick up the bottom cup.,0.0,0.0
trial_20260511_010519_5b4d4a,scene_005,proposed_efe,partial,1,0.0,False,0,0,0.0,1,correct,Pick up the center cup.,0.0,0.0
trial_20260511_010531_3d5d51,scene_005,proposed_efe,partial,2,1.0,True,1,1,1.0,1,correct,Pick up the green cup.,1.0,1.0
trial_20260511_011007_bf4f29,scene_005,proposed_efe,partial,6,2.0,True,3,3,3.152,1,correct,Pick up the right cup.,2.741333333333333,2.768
trial_20260511_011316_c86a37,scene_005,proposed_efe,ambiguous,6,5.0,True,3,3,3.152,1,correct,Pick up my cup.,2.741333333333333,2.768
trial_20260511_011707_cd06d7,scene_005,proposed_efe,ambiguous,6,5.0,True,3,3,3.152,1,correct,Pick up my cup.,2.741333333333333,2.768
trial_20260511_012056_dac93d,scene_005,proposed_efe,ambiguous,6,1.0,True,3,3,3.152,1,correct,Pick up my cup.,2.741333333333333,2.768
trial_20260511_012227_0f3e9e,scene_006,top_score,ambiguous,7,0.0,False,3,3,3.5557,0,wrong,Pick up my cup.,2.9785142857142852,2.983085714285714
trial_20260511_012235_22d1de,scene_006,top_score,ambiguous,7,0.0,False,3,3,3.5557,0,wrong,Pick up my cup.,2.9785142857142852,2.983085714285714
trial_20260511_012247_8ec276,scene_006,top_score,ambiguous,7,0.0,False,3,3,3.5557,0,wrong,Pick up my cup.,2.9785142857142852,2.983085714285714
trial_20260511_012334_264fed,scene_006,top_score,partial,1,0.0,False,0,0,0.0,1,correct,Pick up the red cup.,0.0,0.0
trial_20260511_012422_fd20e7,scene_006,top_score,partial,2,0.0,False,1,1,1.0,1,correct,Pick up the center cup.,1.0,1.0
trial_20260511_012526_424880,scene_006,top_score,clear,1,0.0,False,0,0,0.0,0,wrong,Pick up the pink cup.,0.0,0.0
trial_20260511_012546_3d19fa,scene_006,top_score,clear,2,0.0,False,1,1,1.0,1,correct,Pick up the green cup.,1.0,1.0
trial_20260511_012646_f06fac,scene_006,random_candidate,partial,2,0.0,False,1,1,1.0,0,wrong,Pick up the green cup.,1.0,1.0
trial_20260511_012709_ed3e72,scene_006,random_candidate,clear,1,0.0,False,0,0,0.0,1,correct,Pick up the brown cup.,0.0,0.0
trial_20260511_012738_93f7eb,scene_006,random_candidate,clear,1,0.0,False,0,0,0.0,1,correct,Pick up the cup with pattern.,0.0,0.0
trial_20260511_012827_2d9671,scene_006,random_candidate,partial,1,0.0,False,0,0,0.0,1,correct,Pick up the blue cup.,0.0,0.0
trial_20260511_012840_c6e2e9,scene_006,random_candidate,partial,2,0.0,False,1,1,1.0,0,wrong,Pick up the center cup.,1.0,1.0
trial_20260511_012911_5cc43d,scene_006,random_candidate,partial,1,0.0,False,0,0,0.0,0,wrong,Pick up the cup with cover.,0.0,0.0
trial_20260511_012935_a1e13e,scene_006,random_candidate,ambiguous,7,0.0,False,3,3,3.5557,0,wrong,Pick up my cup.,2.9785142857142852,2.983085714285714
trial_20260511_013020_445c58,scene_006,random_candidate,ambiguous,7,0.0,False,3,3,3.5557,0,wrong,Pick up my cup.,2.9785142857142852,2.983085714285714
trial_20260511_013030_8831cf,scene_006,random_candidate,ambiguous,7,0.0,False,3,3,3.5557,0,wrong,Pick up my cup.,2.9785142857142852,2.983085714285714
trial_20260511_013046_54f6a3,scene_006,vlm_direct,ambiguous,7,0.0,False,3,3,3.5557,0,wrong,Pick up my cup.,2.9785142857142852,2.983085714285714
trial_20260511_013218_0a14ee,scene_006,vlm_direct,ambiguous,7,0.0,False,3,3,3.5557,0,wrong,Pick up my cup.,2.9785142857142852,2.983085714285714
trial_20260511_013414_a95bee,scene_006,vlm_direct,ambiguous,7,0.0,False,3,3,3.5557,0,wrong,Pick up my cup.,2.9785142857142852,2.983085714285714
trial_20260511_013606_261dc9,scene_006,vlm_direct,partial,2,0.0,False,1,1,1.0,0,wrong,Pick up the center cup.,1.0,1.0
trial_20260511_014040_20d0b7,scene_006,vlm_direct,partial,1,0.0,False,0,0,0.0,1,correct,Pick up the left cup.,0.0,0.0
trial_20260511_014103_64d6c7,scene_006,vlm_direct,clear,1,0.0,False,0,0,0.0,1,correct,Pick up the blue cup.,0.0,0.0
trial_20260511_014143_4e724c,scene_006,vlm_direct,clear,1,0.0,False,0,0,0.0,1,correct,Pick up the red cup.,0.0,0.0
trial_20260511_014215_1b7065,scene_006,first_question,clear,1,0.0,False,0,0,0.0,1,correct,Pick up the red cup.,0.0,0.0
trial_20260511_014228_b96675,scene_006,first_question,clear,1,0.0,False,0,0,0.0,1,correct,Pick up the blue cup.,0.0,0.0
trial_20260511_014241_6528b5,scene_006,first_question,clear,2,1.0,True,1,1,1.0,1,correct,Pick up the most left cup.,1.0,1.0
trial_20260511_014437_5b86c7,scene_006,first_question,partial,2,1.0,True,1,1,1.0,1,correct,Pick up the green cup.,1.0,1.0
trial_20260511_014825_170c3d,scene_006,first_question,partial,1,0.0,False,0,0,0.0,1,correct,Pick up the red cup.,0.0,0.0
trial_20260511_014835_ae65db,scene_006,first_question,ambiguous,7,5.0,True,3,3,3.5557,1,correct,Pick up my cup.,2.9785142857142852,2.983085714285714
trial_20260511_015416_162dbc,scene_006,first_question,ambiguous,7,6.0,True,3,3,3.5557,1,correct,Pick up my cup.,2.9785142857142852,2.983085714285714
trial_20260511_020007_920961,scene_006,first_question,ambiguous,7,5.0,True,3,3,3.5557,1,correct,Pick up my cup.,2.9785142857142852,2.983085714285714
trial_20260511_020432_d593b4,scene_006,random_question,ambiguous,7,4.0,True,3,3,3.5557,1,correct,Pick up my cup.,2.9785142857142852,2.983085714285714
trial_20260511_020859_124bd9,scene_006,random_question,ambiguous,7,6.0,True,3,3,3.5557,1,correct,Pick up my cup.,2.9785142857142852,2.983085714285714
trial_20260511_021505_5f1925,scene_006,random_question,ambiguous,7,5.0,True,3,3,3.5557,1,correct,Pick up my cup.,2.9785142857142852,2.983085714285714
trial_20260511_021913_66ced8,scene_006,random_question,partial,2,1.0,True,1,1,1.0,0,wrong,Pick up the center cup.,1.0,1.0
trial_20260511_022033_283025,scene_006,random_question,partial,2,1.0,True,1,1,1.0,1,correct,Pick up the green cup.,1.0,1.0
trial_20260511_022211_f46e9b,scene_006,random_question,partial,1,0.0,False,0,0,0.0,1,correct,Pick up the red cup.,0.0,0.0
trial_20260511_022333_8a51b0,scene_006,random_question,clear,1,0.0,False,0,0,0.0,1,correct,Pick up the blue cup.,0.0,0.0
trial_20260511_022349_1e0dc6,scene_006,random_question,clear,1,0.0,False,0,0,0.0,1,correct,Pick up the brown cup.,0.0,0.0
trial_20260511_022410_21baa7,scene_006,random_question,clear,2,1.0,True,1,1,1.0,1,correct,Pick up the left most cup.,1.0,1.0
trial_20260511_022545_7b107f,scene_006,vlm_best_question,clear,1,0.0,False,0,0,0.0,1,correct,Pick up the blue cup.,0.0,0.0
trial_20260511_022617_d0fa65,scene_006,vlm_best_question,clear,1,0.0,False,0,0,0.0,1,correct,Pick up the bottom cup.,0.0,0.0
trial_20260511_023022_12be8d,scene_006,vlm_best_question,partial,1,0.0,False,0,0,0.0,1,correct,Pick up the red cup.,0.0,0.0
trial_20260511_023041_668112,scene_006,vlm_best_question,partial,2,1.0,True,1,1,1.0,1,correct,Pick up the green cup.,1.0,1.0
trial_20260511_023251_93db1f,scene_006,vlm_best_question,partial,2,1.0,True,1,1,1.0,1,correct,Pick up the center cup.,1.0,1.0
trial_20260511_023508_207052,scene_006,vlm_best_question,ambiguous,7,4.0,True,3,3,3.5557,1,correct,Pick up my cup.,2.9785142857142852,2.983085714285714
trial_20260511_024134_ecee01,scene_006,vlm_best_question,ambiguous,7,6.0,True,3,3,3.5557,1,correct,Pick up my cup.,2.9785142857142852,2.983085714285714
trial_20260511_024925_c62776,scene_006,vlm_best_question,ambiguous,7,5.0,True,3,3,3.5557,1,correct,Pick up my cup.,2.9785142857142852,2.983085714285714
trial_20260511_025708_ea5701,scene_006,proposed_efe,clear,1,0.0,False,0,0,0.0,1,correct,Pick up the blue cup.,0.0,0.0
trial_20260511_025719_ffdfa5,scene_006,proposed_efe,clear,1,0.0,False,0,0,0.0,1,correct,Pick up the red cup.,0.0,0.0
trial_20260511_025747_1f8c9a,scene_006,proposed_efe,clear,1,0.0,False,0,0,0.0,1,correct,Pick up the bottom cup.,0.0,0.0
trial_20260511_025822_1179cd,scene_006,proposed_efe,partial,2,1.0,True,1,1,1.0,1,correct,Pick up the green cup.,1.0,1.0
trial_20260511_025947_f1a907,scene_006,proposed_efe,partial,2,1.0,True,1,1,1.0,1,correct,Pick up the center cup.,1.0,1.0
trial_20260511_030102_36a1c3,scene_006,proposed_efe,partial,2,1.0,True,1,1,1.0,1,correct,Pick up the most left cup.,1.0,1.0
trial_20260511_030732_0052f0,scene_006,proposed_efe,ambiguous,7,4.0,True,3,3,3.5557,1,correct,Pick up my cup.,2.9785142857142852,2.983085714285714
trial_20260511_031103_ec541d,scene_006,proposed_efe,ambiguous,7,1.0,True,3,3,3.5557,1,correct,Pick up my cup.,2.9785142857142852,2.983085714285714
trial_20260513_014525_bdbd84,scene_007,top_score,clear,1,0.0,False,0,0,0.0,1,correct,Picky up the green cup.,0.0,0.0
trial_20260513_014554_144d16,scene_007,top_score,clear,1,0.0,False,0,0,0.0,1,correct,Picky up the red cup.,0.0,0.0
trial_20260513_014610_fab5e8,scene_007,top_score,partial,1,0.0,False,0,0,0.0,0,wrong,Picky up the pink cup.,0.0,0.0
trial_20260513_014625_a8dde3,scene_007,top_score,partial,1,0.0,False,0,0,0.0,0,wrong,Picky up the center cup.,0.0,0.0
trial_20260513_014644_dc35c6,scene_007,top_score,partial,1,0.0,False,0,0,0.0,1,correct,Picky up the right cup.,0.0,0.0
trial_20260513_014700_af7b07,scene_007,top_score,ambiguous,7,0.0,False,3,3,3.5557,0,wrong,Picky up my cup.,2.9785142857142852,2.983085714285714
trial_20260513_014714_289fa3,scene_007,top_score,ambiguous,7,0.0,False,3,3,3.5557,0,wrong,Picky up my cup.,2.9785142857142852,2.983085714285714
trial_20260513_014735_3e2b8c,scene_007,random_candidate,ambiguous,7,0.0,False,3,3,3.5557,0,wrong,Picky up my cup.,2.9785142857142852,2.983085714285714
trial_20260513_014743_524a83,scene_007,random_candidate,ambiguous,7,0.0,False,3,3,3.5557,0,wrong,Picky up my cup.,2.9785142857142852,2.983085714285714
trial_20260513_014800_e7a0db,scene_007,random_candidate,clear,1,0.0,False,0,0,0.0,1,correct,Picky up the yellow cup.,0.0,0.0
trial_20260513_014820_8d4164,scene_007,random_candidate,clear,1,0.0,False,0,0,0.0,1,correct,Picky up the blue cup.,0.0,0.0
trial_20260513_014845_87f91a,scene_007,random_candidate,partial,1,0.0,False,0,0,0.0,0,wrong,Picky up the center cup.,0.0,0.0
trial_20260513_014900_f5dcc9,scene_007,random_candidate,partial,2,0.0,False,1,1,1.0,0,wrong,Picky up the left cup.,1.0,1.0
trial_20260513_014919_3f290c,scene_007,vlm_direct,partial,2,0.0,False,1,1,1.0,0,wrong,Picky up the left cup.,1.0,1.0
trial_20260513_015051_02fc31,scene_007,vlm_direct,partial,1,0.0,False,0,0,0.0,0,wrong,Picky up the right cup.,0.0,0.0
trial_20260513_015143_b20d61,scene_007,vlm_direct,clear,8,0.0,False,3,4,3.95,1,correct,Picky up the white cup.,3.1612399999999994,3.24604
trial_20260513_015334_5ef672,scene_007,vlm_direct,clear,1,0.0,False,0,0,0.0,1,correct,Picky up the brown cup.,0.0,0.0
trial_20260513_015407_07fccf,scene_007,vlm_direct,ambiguous,7,0.0,False,3,3,3.5557,0,wrong,Picky up my cup.,2.9785142857142852,2.983085714285714
trial_20260513_015513_65307d,scene_007,vlm_direct,ambiguous,7,0.0,False,3,3,3.5557,0,wrong,Picky up my cup.,2.9785142857142852,2.983085714285714
trial_20260513_015640_fc65b2,scene_007,first_question,partial,1,0.0,False,0,0,0.0,1,correct,Picky up the green cup.,0.0,0.0
trial_20260513_015659_d11823,scene_007,first_question,clear,1,0.0,False,0,0,0.0,1,correct,Picky up the blue cup.,0.0,0.0
trial_20260513_015728_52542a,scene_007,first_question,partial,2,1.0,True,1,1,1.0,1,correct,Picky up the left cup.,1.0,1.0
trial_20260513_015938_897dfa,scene_007,first_question,partial,1,0.0,False,0,0,0.0,1,correct,Picky up the bottom cup.,0.0,0.0
trial_20260513_015958_53f182,scene_007,first_question,ambiguous,7,5.0,True,3,3,3.5557,1,correct,Picky up my cup.,2.9785142857142852,2.983085714285714
trial_20260513_021022_46bd14,scene_007,first_question,ambiguous,7,3.0,True,3,3,3.5557,1,correct,Picky up my cup.,2.9785142857142852,2.983085714285714
trial_20260513_021522_cbf4a2,scene_007,random_question,clear,1,0.0,False,0,0,0.0,1,correct,Picky up the yellow cup.,0.0,0.0
trial_20260513_021900_37a23a,scene_007,random_question,clear,1,0.0,False,0,0,0.0,1,correct,Picky up the blue cup.,0.0,0.0
trial_20260513_021921_218b54,scene_007,random_question,partial,2,2.0,True,1,1,1.0,1,correct,Picky up the left cup.,1.0,1.0
trial_20260513_022230_87b0c5,scene_007,random_question,partial,1,0.0,False,0,0,0.0,1,correct,Picky up the bottom cup.,0.0,0.0
trial_20260513_022249_86e82e,scene_007,random_question,ambiguous,7,1.0,True,3,3,3.5557,1,correct,Picky up my cup.,2.9785142857142852,2.983085714285714
trial_20260513_022508_e55162,scene_007,random_question,ambiguous,7,6.0,True,3,3,3.5557,1,correct,Picky up my cup.,2.9785142857142852,2.983085714285714
trial_20260513_023151_f99eac,scene_007,vlm_best_question,clear,1,0.0,False,0,0,0.0,1,correct,Picky up the green cup.,0.0,0.0
trial_20260513_023226_8ef4f5,scene_007,vlm_best_question,clear,1,0.0,False,0,0,0.0,1,correct,Picky up the yellow cup.,0.0,0.0
trial_20260513_023241_3ed065,scene_007,vlm_best_question,partial,2,1.0,True,1,1,1.0,1,correct,Picky up the left cup.,1.0,1.0
trial_20260513_023405_d36a86,scene_007,vlm_best_question,partial,1,0.0,False,0,0,0.0,1,correct,Picky up the bottom cup.,0.0,0.0
trial_20260513_023414_53caba,scene_007,vlm_best_question,ambiguous,7,5.0,True,3,3,3.5557,1,correct,Picky up my cup.,2.9785142857142852,2.983085714285714
trial_20260513_023934_04c301,scene_007,vlm_best_question,ambiguous,7,3.0,True,3,3,3.5557,1,correct,Picky up my cup.,2.9785142857142852,2.983085714285714
trial_20260513_024322_2d4675,scene_007,proposed_efe,clear,1,0.0,False,0,0,0.0,1,correct,Picky up the green cup.,0.0,0.0
trial_20260513_024335_0066e9,scene_007,proposed_efe,clear,1,0.0,False,0,0,0.0,1,correct,Picky up the blue cup.,0.0,0.0
trial_20260513_024348_d6b7b4,scene_007,proposed_efe,partial,1,0.0,False,0,0,0.0,1,correct,Picky up the bottom cup.,0.0,0.0
trial_20260513_024408_b7eceb,scene_007,proposed_efe,partial,2,1.0,True,1,1,1.0,1,correct,Picky up the left cup.,1.0,1.0
trial_20260513_025042_73b8f9,scene_007,proposed_efe,ambiguous,7,1.0,True,3,3,3.5557,1,correct,Picky up my cup.,2.9785142857142852,2.983085714285714
trial_20260514_151940_e9a437,scene_008,top_score,clear,1,0.0,False,0,0,0.0,1,correct,Pick up the blue cup,0.0,0.0
trial_20260514_152026_d86aa5,scene_008,top_score,clear,1,0.0,False,0,0,0.0,1,correct,Pick up the red cup,0.0,0.0
trial_20260514_152057_ad9085,scene_008,top_score,clear,1,0.0,False,0,0,0.0,1,correct,Pick up the left most cup,0.0,0.0
trial_20260514_152124_99fe1b,scene_008,top_score,partial,2,0.0,False,1,1,1.0,0,unresolved,Pick up the left cup,1.0,1.0
trial_20260514_152134_063b0f,scene_008,top_score,partial,2,0.0,False,1,1,1.0,0,unresolved,Pick up the white cup,1.0,1.0
trial_20260514_152154_c96f90,scene_008,top_score,ambiguous,7,0.0,False,3,3,3.5557,0,wrong,Pick up my cup,2.9785142857142852,2.983085714285714
trial_20260514_152202_ff9761,scene_008,top_score,ambiguous,7,0.0,False,3,3,3.5557,0,wrong,Pick up my cup,2.9785142857142852,2.983085714285714
trial_20260514_152230_b06215,scene_008,random_candidate,ambiguous,7,0.0,False,3,3,3.5557,0,wrong,Pick up my cup,2.9785142857142852,2.983085714285714
trial_20260514_152244_5d3237,scene_008,random_candidate,partial,2,0.0,False,1,1,1.0,1,correct,Pick up the left cup,1.0,1.0
trial_20260514_152305_354fbf,scene_008,random_candidate,partial,2,0.0,False,1,1,1.0,0,wrong,Pick up the white cup,1.0,1.0
trial_20260514_152331_cc50ee,scene_008,random_candidate,clear,1,0.0,False,0,0,0.0,1,correct,Pick up the pink cup,0.0,0.0
trial_20260514_152350_1d0c6d,scene_008,random_candidate,clear,1,0.0,False,0,0,0.0,1,correct,Pick up the red cup,0.0,0.0
trial_20260514_152400_bc789f,scene_008,vlm_direct,clear,1,0.0,False,0,0,0.0,1,correct,Pick up the red cup,0.0,0.0
trial_20260514_152413_dd4104,scene_008,vlm_direct,clear,1,0.0,False,0,0,0.0,1,correct,Pick up the brown cup,0.0,0.0
trial_20260514_152429_b61fd2,scene_008,vlm_direct,partial,2,0.0,False,1,1,1.0,1,correct,Pick up the white cup,1.0,1.0
trial_20260514_152638_8fa14f,scene_008,vlm_direct,partial,2,0.0,False,1,1,1.0,0,wrong,Pick up the left cup,1.0,1.0
trial_20260514_152803_487a28,scene_008,vlm_direct,ambiguous,7,0.0,False,3,3,3.5557,0,wrong,Pick up the my cup,2.9785142857142852,2.983085714285714
trial_20260514_152919_75859e,scene_008,vlm_direct,ambiguous,7,0.0,False,3,3,3.5557,0,wrong,Pick up the my cup,2.9785142857142852,2.983085714285714
trial_20260514_153210_104e62,scene_008,first_question,ambiguous,7,5.0,True,3,3,3.5557,1,correct,Pick up the my cup,2.9785142857142852,2.983085714285714
trial_20260514_155749_57c7e2,scene_008,first_question,partial,2,1.0,True,1,1,1.0,1,correct,Pick up the white cup,1.0,1.0
trial_20260514_155930_b84502,scene_008,first_question,partial,2,1.0,True,1,1,1.0,1,correct,Pick up the left cup,1.0,1.0
trial_20260514_160044_e2e206,scene_008,first_question,clear,1,0.0,False,0,0,0.0,1,correct,Pick up the blue cup,0.0,0.0
trial_20260514_160056_582628,scene_008,first_question,clear,1,0.0,False,0,0,0.0,1,correct,Pick up the brwon cup,0.0,0.0
trial_20260514_160110_241106,scene_008,random_question,clear,1,0.0,False,0,0,0.0,1,correct,Pick up the brwon cup,0.0,0.0
trial_20260514_160123_e61a87,scene_008,random_question,clear,1,0.0,False,0,0,0.0,1,correct,Pick up the red cup,0.0,0.0
trial_20260514_160139_525b34,scene_008,random_question,partial,2,2.0,True,1,1,1.0,1,correct,Pick up the left cup.,1.0,1.0
trial_20260514_160440_24fb0c,scene_008,random_question,ambiguous,7,3.0,True,3,3,3.5557,1,correct,Pick up my cup.,2.9785142857142852,2.983085714285714
trial_20260514_163015_d4aedb,scene_008,random_question,ambiguous,7,6.0,True,3,3,3.5557,1,correct,Pick up my cup.,2.9785142857142852,2.983085714285714
trial_20260514_163826_e82315,scene_008,vlm_best_question,clear,1,0.0,False,0,0,0.0,1,correct,Pick up the blue cup.,0.0,0.0
trial_20260514_163852_28c2e4,scene_008,vlm_best_question,clear,1,0.0,False,0,0,0.0,1,correct,Pick up the brown cup.,0.0,0.0
trial_20260514_163906_632a13,scene_008,vlm_best_question,partial,2,1.0,True,1,1,1.0,1,correct,Pick up the left cup.,1.0,1.0
trial_20260514_164116_8353a0,scene_008,vlm_best_question,partial,2,1.0,True,1,1,1.0,1,correct,Pick up the white cup.,1.0,1.0
trial_20260514_164221_36624e,scene_008,vlm_best_question,ambiguous,7,4.0,True,3,3,3.5557,1,correct,Pick up my cup.,2.9785142857142852,2.983085714285714
trial_20260514_164721_f7e080,scene_008,vlm_best_question,ambiguous,7,5.0,True,3,3,3.5557,1,correct,Pick up my cup.,2.9785142857142852,2.983085714285714
trial_20260514_165245_a9a26d,scene_008,proposed_efe,ambiguous,7,3.0,True,3,3,3.5557,1,correct,Pick up my cup.,2.9785142857142852,2.983085714285714
trial_20260514_165706_efd0b2,scene_008,proposed_efe,ambiguous,7,2.0,True,3,3,3.5557,1,correct,Pick up my cup.,2.9785142857142852,2.983085714285714
trial_20260514_165953_badb37,scene_008,proposed_efe,partial,2,1.0,True,1,1,1.0,1,correct,Pick up the left cup.,1.0,1.0
trial_20260514_170123_bbc3bb,scene_008,proposed_efe,partial,2,1.0,True,1,1,1.0,1,correct,Pick up the white cup.,1.0,1.0
trial_20260514_170247_d8be66,scene_008,proposed_efe,clear,1,0.0,False,0,0,0.0,1,correct,Pick up the blue cup.,0.0,0.0
trial_20260514_170301_fec529,scene_008,proposed_efe,clear,1,0.0,False,0,0,0.0,1,correct,Pick up the red cup.,0.0,0.0
trial_20260514_212343_8319ba,scene_009,top_score,clear,1,0.0,False,0,0,0.0,1,correct,Pick up the metal cup.,0.0,0.0
trial_20260514_212413_42221e,scene_009,top_score,clear,1,0.0,False,0,0,0.0,1,correct,Pick up the left most cup.,0.0,0.0
trial_20260514_212432_9b7917,scene_009,top_score,partial,1,0.0,False,0,0,0.0,0,unresolved,Pick up the yellow cup.,0.0,0.0
trial_20260514_212440_dd41ee,scene_009,top_score,partial,1,0.0,False,0,0,0.0,0,unresolved,Pick up the yellow cup.,0.0,0.0
trial_20260514_212455_6f9bf3,scene_009,top_score,partial,1,0.0,False,0,0,0.0,0,unresolved,Pick up the green cup.,0.0,0.0
trial_20260514_212526_f3d9e4,scene_009,top_score,ambiguous,7,0.0,False,3,3,3.5557,0,wrong,Pick up my cup.,2.9785142857142852,2.983085714285714
trial_20260514_212538_044ceb,scene_009,random_candidate,ambiguous,7,0.0,False,3,3,3.5557,0,wrong,Pick up my cup.,2.9785142857142852,2.983085714285714
trial_20260514_212546_fa3ddb,scene_009,random_candidate,ambiguous,7,0.0,False,3,3,3.5557,0,wrong,Pick up my cup.,2.9785142857142852,2.983085714285714
trial_20260514_212618_b148d7,scene_009,random_candidate,partial,7,0.0,False,3,3,3.5557,0,unresolved,Pick up the yellow cups.,2.9785142857142852,2.983085714285714
trial_20260517_171125_cd5865,scene_028,random_candidate,partial,2,0.0,False,1,1,1.0,1,correct,Pick up the center cup.,1.0,1.0
trial_20260514_212656_cfaa22,scene_009,random_candidate,clear,1,0.0,False,0,0,0.0,1,correct,Pick up the metal cup.,0.0,0.0
trial_20260514_212709_c46d32,scene_009,random_candidate,clear,1,0.0,False,0,0,0.0,1,correct,Pick up the white cup.,0.0,0.0
trial_20260514_212730_806695,scene_009,vlm_direct,clear,1,0.0,False,0,0,0.0,1,correct,Pick up the white cup.,0.0,0.0
trial_20260514_212741_c0ff60,scene_009,vlm_direct,clear,1,0.0,False,0,0,0.0,1,correct,Pick up the green cup.,0.0,0.0
trial_20260514_212752_16616d,scene_009,vlm_direct,partial,1,0.0,False,0,0,0.0,0,unresolved,Pick up the green cup.,0.0,0.0
trial_20260514_212803_9ead1c,scene_009,vlm_direct,partial,1,0.0,False,0,0,0.0,0,unresolved,Pick up the right cup.,0.0,0.0
trial_20260514_212821_a42ee4,scene_009,vlm_direct,ambiguous,7,0.0,False,3,3,3.5557,0,wrong,Pick up my cup.,2.9785142857142852,2.983085714285714
trial_20260514_212940_d4b58a,scene_009,vlm_direct,ambiguous,7,0.0,False,3,3,3.5557,0,wrong,Pick up my cup.,2.9785142857142852,2.983085714285714
trial_20260514_214030_7e7644,scene_009,vlm_direct,ambiguous,7,0.0,False,3,3,3.5557,0,wrong,Pick up my cup.,2.9785142857142852,2.983085714285714
trial_20260514_214246_dd82ea,scene_009,first_question,clear,1,0.0,False,0,0,0.0,1,correct,Pick up the metal cup.,0.0,0.0
trial_20260514_214317_bf9126,scene_009,first_question,clear,1,0.0,False,0,0,0.0,1,correct,Pick up the left most cup.,0.0,0.0
trial_20260514_215347_db35e8,scene_009,first_question,partial,7,1.0,True,3,3,3.5557,1,correct,Pick up the yellow cup.,2.9785142857142852,2.983085714285714
trial_20260514_221646_b314db,scene_009,first_question,partial,7,3.0,True,3,3,3.5557,1,correct,Pick up the green cup.,2.9785142857142852,2.983085714285714
trial_20260514_223252_a3ec6d,scene_009,first_question,ambiguous,7,4.0,True,3,3,3.5557,1,correct,Pick up my cup.,2.9785142857142852,2.983085714285714
trial_20260514_224029_7cc552,scene_009,random_question,ambiguous,7,3.0,True,3,3,3.5557,1,correct,Pick up my cup.,2.9785142857142852,2.983085714285714
trial_20260514_224822_7d548e,scene_009,first_question,ambiguous,7,4.0,True,3,3,3.5557,1,correct,Pick up my cup.,2.9785142857142852,2.983085714285714
trial_20260514_225749_93981b,scene_009,random_question,ambiguous,7,5.0,True,3,3,3.5557,1,correct,Pick up my cup.,2.9785142857142852,2.983085714285714
trial_20260514_231130_aa7b53,scene_009,random_question,partial,7,2.0,True,3,3,3.5557,1,correct,Pick up the green cup.,2.9785142857142852,2.983085714285714
trial_20260514_231618_eb2add,scene_009,random_question,partial,7,3.0,True,3,3,3.5557,0,wrong,Pick up the yellow cup.,2.9785142857142852,2.983085714285714
trial_20260514_232355_84ece8,scene_009,random_question,clear,1,0.0,False,0,0,0.0,1,correct,Pick up the metal cup.,0.0,0.0
trial_20260514_232408_5d706b,scene_009,random_question,clear,1,0.0,False,0,0,0.0,1,correct,Pick up the leftmost cup.,0.0,0.0
trial_20260514_232435_df0f92,scene_009,vlm_best_question,clear,1,0.0,False,0,0,0.0,1,correct,Pick up the leftmost cup.,0.0,0.0
trial_20260514_232446_2e4d88,scene_009,vlm_best_question,clear,1,0.0,False,0,0,0.0,1,correct,Pick up the metal cup.,0.0,0.0
trial_20260514_232732_dcc6ad,scene_009,vlm_best_question,partial,7,2.0,True,3,3,3.5557,0,unresolved,Pick up the yellow cup.,2.9785142857142852,2.983085714285714
trial_20260514_233029_2a1f0c,scene_009,vlm_best_question,ambiguous,7,3.0,True,3,3,3.5557,1,correct,Pick up my cup.,2.9785142857142852,2.983085714285714
trial_20260514_233245_21867b,scene_009,vlm_best_question,ambiguous,7,5.0,True,3,3,3.5557,1,correct,Pick up my cup.,2.9785142857142852,2.983085714285714
trial_20260514_233859_169b78,scene_009,vlm_best_question,ambiguous,7,1.0,True,3,3,3.5557,1,correct,Pick up my cup.,2.9785142857142852,2.983085714285714
trial_20260514_234007_6fd5ee,scene_009,proposed_efe,ambiguous,7,3.0,True,3,3,3.5557,1,correct,Pick up my cup.,2.9785142857142852,2.983085714285714
trial_20260514_234332_e61db7,scene_009,proposed_efe,ambiguous,7,3.0,True,3,3,3.5557,1,correct,Pick up my cup.,2.9785142857142852,2.983085714285714
trial_20260514_235610_a33667,scene_009,proposed_efe,partial,7,3.0,True,3,3,3.5557,1,correct,Pick up the green cup.,2.9785142857142852,2.983085714285714
trial_20260515_000018_98c6cf,scene_009,proposed_efe,clear,1,0.0,False,0,0,0.0,1,correct,Pick up the metal cup.,0.0,0.0
trial_20260515_000524_1ecafe,scene_010,top_score,clear,1,0.0,False,0,0,0.0,1,correct,Pick up the left most cup.,0.0,0.0
trial_20260515_000900_acdd42,scene_010,top_score,clear,1,0.0,False,0,0,0.0,1,correct,Pick up the left red cup.,0.0,0.0
trial_20260515_000920_a5d8f1,scene_010,top_score,partial,1,0.0,False,0,0,0.0,0,unresolved,Pick up the yellow cup.,0.0,0.0
trial_20260515_000933_dc09d5,scene_010,top_score,partial,1,0.0,False,0,0,0.0,1,correct,Pick up the red cup.,0.0,0.0
trial_20260515_001009_de2569,scene_010,top_score,ambiguous,8,0.0,False,3,4,3.95,1,correct,Pick up my cup.,3.1612399999999994,3.24604
trial_20260515_001014_3da3bf,scene_010,top_score,ambiguous,8,0.0,False,3,4,3.95,1,correct,Pick up my cup.,3.1612399999999994,3.24604
trial_20260515_001026_7ae39c,scene_010,random_candidate,ambiguous,8,0.0,False,3,4,3.95,0,wrong,Pick up my cup.,3.1612399999999994,3.24604
trial_20260515_001033_3514cc,scene_010,random_candidate,ambiguous,8,0.0,False,3,4,3.95,0,wrong,Pick up my cup.,3.1612399999999994,3.24604
trial_20260515_001048_c304b9,scene_010,random_candidate,partial,1,0.0,False,0,0,0.0,0,unresolved,Pick up the red cup.,0.0,0.0
trial_20260515_001057_104133,scene_010,random_candidate,partial,1,0.0,False,0,0,0.0,0,unresolved,Pick up the yellow cup.,0.0,0.0
trial_20260515_001112_51772d,scene_010,random_candidate,clear,1,0.0,False,0,0,0.0,1,correct,Pick up the right yellow cup.,0.0,0.0
trial_20260515_001146_d4dbed,scene_010,random_candidate,clear,1,0.0,False,0,0,0.0,1,correct,Pick up the right red cup.,0.0,0.0
trial_20260515_001204_660351,scene_010,vlm_direct,clear,1,0.0,False,0,0,0.0,1,correct,Pick up the left red cup.,0.0,0.0
trial_20260515_001348_266edf,scene_010,vlm_direct,clear,1,0.0,False,0,0,0.0,1,correct,Pick up the bottom cup.,0.0,0.0
trial_20260515_001407_23c57d,scene_010,vlm_direct,partial,1,0.0,False,0,0,0.0,0,unresolved,Pick up the red cup.,0.0,0.0
trial_20260515_001416_494672,scene_010,vlm_direct,partial,1,0.0,False,0,0,0.0,0,unresolved,Pick up the yellow cup.,0.0,0.0
trial_20260515_001446_67581e,scene_010,vlm_direct,ambiguous,8,0.0,False,3,4,3.95,0,wrong,Pick up my cup.,3.1612399999999994,3.24604
trial_20260515_001937_033f50,scene_010,first_question,ambiguous,8,5.0,True,3,4,3.95,1,correct,Pick up my cup.,3.1612399999999994,3.24604
trial_20260515_002354_df4f4f,scene_010,first_question,ambiguous,8,3.0,True,3,4,3.95,1,correct,Pick up my cup.,3.1612399999999994,3.24604
trial_20260515_002657_ef128b,scene_010,first_question,partial,8,2.0,True,3,4,3.95,1,correct,Pick up the yellow cup.,3.1612399999999994,3.24604
trial_20260515_003142_1f21a3,scene_010,first_question,partial,8,3.0,True,3,4,3.95,1,correct,Pick up the red cup.,3.1612399999999994,3.24604
trial_20260515_003450_73583c,scene_010,first_question,clear,1,0.0,False,0,0,0.0,1,correct,Pick up the left red cup.,0.0,0.0
trial_20260515_003506_f81335,scene_010,first_question,clear,1,0.0,False,0,0,0.0,1,correct,Pick up the left yellow cup.,0.0,0.0
trial_20260515_003521_ae386f,scene_010,random_question,clear,1,0.0,False,0,0,0.0,1,correct,Pick up the left yellow cup.,0.0,0.0
trial_20260515_003530_2e71e0,scene_010,random_question,clear,1,0.0,False,0,0,0.0,1,correct,Pick up the left red cup.,0.0,0.0
trial_20260515_003552_e353bc,scene_010,random_question,partial,8,3.0,True,3,4,3.95,1,correct,Pick up the red cup.,3.1612399999999994,3.24604
trial_20260515_004046_69f9d9,scene_010,random_question,partial,8,2.0,True,3,4,3.95,0,unresolved,Pick up the yellow cup.,3.1612399999999994,3.24604
trial_20260515_004346_8c807b,scene_010,random_question,ambiguous,8,3.0,True,3,4,3.95,1,correct,Pick up my cup.,3.1612399999999994,3.24604
trial_20260515_004804_dc5783,scene_010,random_question,ambiguous,8,5.0,True,3,4,3.95,1,correct,Pick up my cup.,3.1612399999999994,3.24604
trial_20260515_010057_551ab5,scene_010,vlm_best_question,partial,8,3.0,True,3,4,3.95,0,wrong,Pick up the yellow cup.,3.1612399999999994,3.24604
trial_20260515_010942_cffdc9,scene_010,vlm_best_question,partial,8,3.0,True,3,4,3.95,1,correct,Pick up the red cup.,3.1612399999999994,3.24604
trial_20260515_011142_753bbc,scene_010,vlm_best_question,clear,1,0.0,False,0,0,0.0,1,correct,Pick up the left red cup.,0.0,0.0
trial_20260515_011209_847af3,scene_010,vlm_best_question,clear,1,0.0,False,0,0,0.0,1,correct,Pick up the left yellow cup.,0.0,0.0
trial_20260515_011219_113349,scene_010,proposed_efe,clear,1,0.0,False,0,0,0.0,1,correct,Pick up the left yellow cup.,0.0,0.0
trial_20260515_011229_6181aa,scene_010,proposed_efe,clear,1,0.0,False,0,0,0.0,1,correct,Pick up the left red cup.,0.0,0.0
trial_20260515_011253_41e4e0,scene_010,proposed_efe,partial,8,3.0,True,3,4,3.95,1,correct,Pick up the red cup.,3.1612399999999994,3.24604
trial_20260515_011906_6244fb,scene_010,proposed_efe,partial,8,3.0,True,3,4,3.95,1,correct,Pick up the yellow cup.,3.1612399999999994,3.24604
trial_20260515_012625_ab034d,scene_010,proposed_efe,ambiguous,8,3.0,True,3,4,3.95,1,correct,Pick up the my cup.,3.1612399999999994,3.24604
trial_20260515_012854_5b42c7,scene_010,proposed_efe,ambiguous,8,3.0,True,3,4,3.95,1,correct,Pick up the my cup.,3.1612399999999994,3.24604
trial_20260515_013651_88b0ed,scene_011,top_score,clear,1,0.0,False,0,0,0.0,1,correct,Pick up the red bottle.,0.0,0.0
trial_20260515_013740_4d4083,scene_011,top_score,clear,1,0.0,False,0,0,0.0,1,correct,Pick up the left bottle.,0.0,0.0
trial_20260515_013932_3310d2,scene_011,top_score,partial,1,0.0,False,0,0,0.0,0,wrong,Pick up the top bottle.,0.0,0.0
trial_20260515_013956_eaacac,scene_011,top_score,ambiguous,4,0.0,False,2,2,2.2,0,wrong,Pick up my bottle.,2.05,2.05
trial_20260515_014004_c5ded5,scene_011,top_score,ambiguous,4,0.0,False,2,2,2.2,1,correct,Pick up my bottle.,2.05,2.05
trial_20260515_014018_6289c6,scene_011,random_candidate,ambiguous,4,0.0,False,2,2,2.2,0,wrong,Pick up my bottle.,2.05,2.05
trial_20260515_014053_2f5f45,scene_011,random_candidate,ambiguous,4,0.0,False,2,2,2.2,1,correct,Pick up my bottle.,2.05,2.05
trial_20260515_014118_653037,scene_011,random_candidate,partial,1,0.0,False,0,0,0.0,0,wrong,Pick up the center bottle.,0.0,0.0
trial_20260515_014153_d91622,scene_011,random_candidate,clear,1,0.0,False,0,0,0.0,1,correct,Pick up the red bottle.,0.0,0.0
trial_20260515_014202_7cfdfa,scene_011,random_candidate,clear,1,0.0,False,0,0,0.0,1,correct,Pick up the left bottle.,0.0,0.0
trial_20260515_014225_3a5c73,scene_011,vlm_direct,clear,1,0.0,False,0,0,0.0,1,correct,Pick up the red bottle.,0.0,0.0
trial_20260515_014305_28899c,scene_011,vlm_direct,partial,1,0.0,False,0,0,0.0,0,wrong,Pick up center bottle.,0.0,0.0
trial_20260515_014315_36b3d3,scene_011,vlm_direct,partial,1,0.0,False,0,0,0.0,1,correct,Pick up right bottle.,0.0,0.0
trial_20260515_014337_270617,scene_011,vlm_direct,ambiguous,4,0.0,False,2,2,2.2,0,wrong,Pick up my bottle.,2.05,2.05
trial_20260515_014515_4bf1c9,scene_011,vlm_direct,ambiguous,4,0.0,False,2,2,2.2,0,wrong,Pick up my bottle.,2.05,2.05
trial_20260515_014614_49ff9c,scene_011,first_question,ambiguous,4,3.0,True,2,2,2.2,1,correct,Pick up my bottle.,2.05,2.05
trial_20260515_014906_573ab5,scene_011,first_question,ambiguous,4,3.0,True,2,2,2.2,1,correct,Pick up my bottle.,2.05,2.05
trial_20260515_015138_54138f,scene_011,first_question,partial,1,0.0,False,0,0,0.0,1,correct,Pick up the right bottle.,0.0,0.0
trial_20260515_015154_04b34e,scene_011,first_question,clear,1,0.0,False,0,0,0.0,1,correct,Pick up the left bottle.,0.0,0.0
trial_20260515_015203_5d9d8c,scene_011,first_question,clear,1,0.0,False,0,0,0.0,1,correct,Pick up the red bottle.,0.0,0.0
trial_20260515_015218_7db7de,scene_011,random_question,clear,1,0.0,False,0,0,0.0,1,correct,Pick up the red bottle.,0.0,0.0
trial_20260515_015229_012788,scene_011,random_question,clear,1,0.0,False,0,0,0.0,1,correct,Pick up the tall bottle.,0.0,0.0
trial_20260515_015246_63dacf,scene_011,random_question,partial,1,0.0,False,0,0,0.0,1,correct,Pick up the top bottle.,0.0,0.0
trial_20260515_015300_c7e362,scene_011,random_question,partial,1,0.0,False,0,0,0.0,1,correct,Pick up the right bottle.,0.0,0.0
trial_20260515_015329_623077,scene_011,random_question,ambiguous,4,3.0,True,2,2,2.2,1,correct,Pick up my bottle.,2.05,2.05
trial_20260515_015522_118933,scene_011,random_question,ambiguous,4,3.0,True,2,2,2.2,1,correct,Pick up my bottle.,2.05,2.05
trial_20260515_015837_ca7f99,scene_011,vlm_best_question,ambiguous,4,3.0,True,2,2,2.2,1,correct,Pick up my bottle.,2.05,2.05
trial_20260515_020057_dceba0,scene_011,vlm_best_question,partial,1,0.0,False,0,0,0.0,1,correct,Pick up the right bottle.,0.0,0.0
trial_20260515_020113_ed8312,scene_011,vlm_best_question,partial,1,0.0,False,0,0,0.0,1,correct,Pick up the bottom bottle.,0.0,0.0
trial_20260515_020132_7bb3f3,scene_011,vlm_best_question,clear,1,0.0,False,0,0,0.0,1,correct,Pick up the red bottle.,0.0,0.0
trial_20260515_020142_bbd0d5,scene_011,vlm_best_question,clear,1,0.0,False,0,0,0.0,1,correct,Pick up the blue bottle.,0.0,0.0
trial_20260515_020153_980a3a,scene_011,proposed_efe,clear,1,0.0,False,0,0,0.0,1,correct,Pick up the blue bottle.,0.0,0.0
trial_20260515_020205_75af60,scene_011,proposed_efe,clear,1,0.0,False,0,0,0.0,1,correct,Pick up the left bottle.,0.0,0.0
trial_20260515_020221_6361b3,scene_011,proposed_efe,partial,1,0.0,False,0,0,0.0,1,correct,Pick up the right bottle.,0.0,0.0
trial_20260515_020321_14c114,scene_011,proposed_efe,partial,1,1.0,True,0,0,0.0,1,correct,Pick up the tall bottle.,0.0,0.0
trial_20260515_020455_5a1164,scene_011,proposed_efe,ambiguous,4,3.0,True,2,2,2.2,1,correct,Pick up my bottle.,2.05,2.05
trial_20260515_020847_3b790c,scene_011,proposed_efe,ambiguous,4,3.0,True,2,2,2.2,1,correct,Pick up my bottle.,2.05,2.05
trial_20260515_021140_e36d9e,scene_012,top_score,ambiguous,4,0.0,False,2,2,2.2,0,wrong,Pick up my bottle.,2.05,2.05
trial_20260515_021147_293d90,scene_012,top_score,ambiguous,4,0.0,False,2,2,2.2,0,wrong,Pick up my bottle.,2.05,2.05
trial_20260515_021205_e9e1a8,scene_012,top_score,partial,1,0.0,False,0,0,0.0,0,wrong,Pick up the right bottle.,0.0,0.0
trial_20260515_021221_c38950,scene_012,top_score,partial,1,0.0,False,0,0,0.0,0,wrong,Pick up the left bottle.,0.0,0.0
trial_20260515_021236_98c612,scene_012,top_score,clear,1,0.0,False,0,0,0.0,1,correct,Pick up the red bottle.,0.0,0.0
trial_20260515_021247_6aa391,scene_012,top_score,clear,1,0.0,False,0,0,0.0,1,correct,Pick up the green bottle.,0.0,0.0
trial_20260515_021258_eeef06,scene_012,top_score,clear,1,0.0,False,0,0,0.0,1,correct,Pick up the blue bottle.,0.0,0.0
trial_20260515_021358_02b792,scene_012,random_candidate,clear,1,0.0,False,0,0,0.0,1,correct,Pick up the left most bottle.,0.0,0.0
trial_20260515_021447_de3d45,scene_012,random_candidate,partial,1,0.0,False,0,0,0.0,0,wrong,Pick up the right bottle.,0.0,0.0
trial_20260515_021458_f3fd25,scene_012,random_candidate,ambiguous,4,0.0,False,2,2,2.2,0,wrong,Pick up my bottle.,2.05,2.05
trial_20260515_021505_55c59f,scene_012,random_candidate,ambiguous,4,0.0,False,2,2,2.2,0,wrong,Pick up my bottle.,2.05,2.05
trial_20260515_021627_dcb042,scene_012,vlm_direct,ambiguous,4,0.0,False,2,2,2.2,0,wrong,Pick up my bottle.,2.05,2.05
trial_20260515_021811_9ce441,scene_012,first_question,ambiguous,4,1.0,True,2,2,2.2,1,correct,Pick up my bottle.,2.05,2.05
trial_20260515_021904_0e3c19,scene_012,first_question,ambiguous,4,3.0,True,2,2,2.2,1,correct,Pick up my bottle.,2.05,2.05
trial_20260515_022154_4c218b,scene_012,first_question,partial,1,0.0,False,0,0,0.0,0,unresolved,Pick up the left bottle.,0.0,0.0
trial_20260515_022302_67a10d,scene_012,first_question,partial,1,0.0,False,0,0,0.0,0,unresolved,Pick up the right bottle.,0.0,0.0
trial_20260515_022712_ecae4f,scene_012,first_question,clear,1,0.0,False,0,0,0.0,1,correct,Pick up the red bottle.,0.0,0.0
trial_20260515_022725_385c1d,scene_012,first_question,clear,1,0.0,False,0,0,0.0,1,correct,Pick up the green bottle.,0.0,0.0
trial_20260515_022734_2d1d20,scene_012,random_question,clear,1,0.0,False,0,0,0.0,1,correct,Pick up the green bottle.,0.0,0.0
trial_20260515_022744_ad24dc,scene_012,random_question,clear,1,0.0,False,0,0,0.0,1,correct,Pick up the red bottle.,0.0,0.0
trial_20260515_022839_566539,scene_012,random_question,partial,1,1.0,True,0,0,0.0,0,unresolved,Pick up the right bottle.,0.0,0.0
trial_20260515_023009_22b8aa,scene_012,random_question,partial,1,1.0,True,0,0,0.0,0,unresolved,Pick up the top bottle.,0.0,0.0
trial_20260515_023131_d9f09f,scene_012,random_question,ambiguous,4,2.0,True,2,2,2.2,1,correct,Pick up my bottle.,2.05,2.05
trial_20260515_023325_10ae5f,scene_012,random_question,ambiguous,4,3.0,True,2,2,2.2,1,correct,Pick up my bottle.,2.05,2.05
trial_20260515_023538_b10ccf,scene_012,vlm_best_question,ambiguous,4,2.0,True,2,2,2.2,1,correct,Pick up my bottle.,2.05,2.05
trial_20260515_023757_2f857a,scene_012,vlm_best_question,ambiguous,4,3.0,True,2,2,2.2,1,correct,Pick up my bottle.,2.05,2.05
trial_20260515_024148_c7db21,scene_012,vlm_best_question,partial,1,0.0,False,0,0,0.0,0,wrong,Pick up the left bottle.,0.0,0.0
trial_20260515_024240_b43f46,scene_012,vlm_best_question,partial,1,1.0,True,0,0,0.0,0,unresolved,Pick up the right bottle.,0.0,0.0
trial_20260515_024409_9afa07,scene_012,vlm_best_question,clear,1,0.0,False,0,0,0.0,1,correct,Pick up the red bottle.,0.0,0.0
trial_20260515_024549_daeea5,scene_012,vlm_best_question,clear,1,0.0,False,0,0,0.0,1,correct,Pick up the green bottle.,0.0,0.0
trial_20260515_024558_f8e04c,scene_012,proposed_efe,clear,1,0.0,False,0,0,0.0,1,correct,Pick up the green bottle.,0.0,0.0
trial_20260515_024612_efa8d3,scene_012,proposed_efe,clear,1,0.0,False,0,0,0.0,1,correct,Pick up the red bottle.,0.0,0.0
trial_20260515_024659_8a3fb0,scene_012,proposed_efe,partial,1,1.0,True,0,0,0.0,0,wrong,Pick up the left bottle.,0.0,0.0
trial_20260515_025018_23cf67,scene_012,proposed_efe,partial,1,0.0,False,0,0,0.0,0,wrong,Pick up the right bottle.,0.0,0.0
trial_20260515_025345_1c596f,scene_012,proposed_efe,ambiguous,4,1.0,True,2,2,2.2,1,correct,Pick up my bottle.,2.05,2.05
trial_20260515_025433_2898e1,scene_012,proposed_efe,ambiguous,4,1.0,True,2,2,2.2,1,correct,Pick up my bottle.,2.05,2.05
trial_20260515_025747_b05d50,scene_013,top_score,clear,1,0.0,False,0,0,0.0,1,correct,Pick up the red bottle.,0.0,0.0
trial_20260515_025759_cc0f38,scene_013,top_score,clear,1,0.0,False,0,0,0.0,1,correct,Pick up the green bottle.,0.0,0.0
trial_20260515_025809_de2855,scene_013,top_score,clear,1,0.0,False,0,0,0.0,1,correct,Pick up the blue bottle.,0.0,0.0
trial_20260515_025821_f5a721,scene_013,top_score,clear,1,0.0,False,0,0,0.0,1,correct,Pick up the brown bottle.,0.0,0.0
trial_20260515_025909_d36a5d,scene_013,top_score,clear,1,0.0,False,0,0,0.0,1,correct,Pick up the right bottle.,0.0,0.0
trial_20260515_025943_277297,scene_013,top_score,ambiguous,4,0.0,False,2,2,2.2,0,wrong,Pick up my bottle.,2.05,2.05
trial_20260515_030141_c490e8,scene_013,random_candidate,ambiguous,4,0.0,False,2,2,2.2,1,correct,Pick up my bottle.,2.05,2.05
trial_20260515_030146_446031,scene_013,random_candidate,ambiguous,4,0.0,False,2,2,2.2,0,wrong,Pick up my bottle.,2.05,2.05
trial_20260515_030210_1de595,scene_013,random_candidate,partial,1,0.0,False,0,0,0.0,1,correct,Pick up the left bottle.,0.0,0.0
trial_20260515_030219_1e88a7,scene_013,random_candidate,partial,1,0.0,False,0,0,0.0,1,correct,Pick up the right bottle.,0.0,0.0
trial_20260515_030233_f78112,scene_013,random_candidate,partial,1,0.0,False,0,0,0.0,1,correct,Pick up the blue bottle.,0.0,0.0
trial_20260515_030244_efa749,scene_013,random_candidate,partial,1,0.0,False,0,0,0.0,1,correct,Pick up the green bottle.,0.0,0.0
trial_20260515_030308_c66bb2,scene_013,vlm_direct,clear,1,0.0,False,0,0,0.0,1,correct,Pick up the green bottle.,0.0,0.0
trial_20260515_030317_c695f6,scene_013,vlm_direct,clear,1,0.0,False,0,0,0.0,1,correct,Pick up the bottom bottle.,0.0,0.0
trial_20260515_030329_f3aff8,scene_013,vlm_direct,partial,1,0.0,False,0,0,0.0,1,correct,Pick up the right bottle.,0.0,0.0
trial_20260515_030342_ad6678,scene_013,vlm_direct,partial,1,0.0,False,0,0,0.0,1,correct,Pick up the left bottle.,0.0,0.0
trial_20260515_030354_c940c6,scene_013,vlm_direct,ambiguous,4,0.0,False,2,2,2.2,0,wrong,Pick up my bottle.,2.05,2.05
trial_20260515_030511_a0da19,scene_013,vlm_direct,ambiguous,4,0.0,False,2,2,2.2,1,correct,Pick up my bottle.,2.05,2.05
trial_20260515_030654_551128,scene_013,first_question,ambiguous,4,1.0,True,2,2,2.2,1,correct,Pick up my bottle.,2.05,2.05
trial_20260515_030815_7070d2,scene_013,first_question,ambiguous,4,3.0,True,2,2,2.2,1,correct,Pick up my bottle.,2.05,2.05
trial_20260515_031040_ef9487,scene_013,first_question,partial,1,0.0,False,0,0,0.0,1,correct,Pick up the left bottle.,0.0,0.0
trial_20260515_031147_bb5869,scene_013,first_question,partial,1,1.0,True,0,0,0.0,1,correct,Pick up the right bottle.,0.0,0.0
trial_20260515_031311_9e08e7,scene_013,first_question,clear,1,0.0,False,0,0,0.0,1,correct,Pick up the green bottle.,0.0,0.0
trial_20260515_031321_4b7362,scene_013,first_question,clear,1,0.0,False,0,0,0.0,1,correct,Pick up the top bottle.,0.0,0.0
trial_20260515_031339_542691,scene_013,random_question,clear,1,0.0,False,0,0,0.0,1,correct,Pick up the green bottle.,0.0,0.0
trial_20260515_031353_49a298,scene_013,random_question,partial,1,0.0,False,0,0,0.0,1,correct,Pick up the left bottle.,0.0,0.0
trial_20260515_031701_0cb219,scene_013,random_question,partial,1,1.0,True,0,0,0.0,1,correct,Pick up the right bottle.,0.0,0.0
trial_20260515_031811_ea5888,scene_013,random_question,ambiguous,4,3.0,True,2,2,2.2,1,correct,Pick up my bottle.,2.05,2.05
trial_20260515_032052_58b730,scene_013,random_question,ambiguous,4,2.0,True,2,2,2.2,1,correct,Pick up my bottle.,2.05,2.05
trial_20260515_032316_b2c951,scene_013,vlm_best_question,ambiguous,4,2.0,True,2,2,2.2,1,correct,Pick up my bottle.,2.05,2.05
trial_20260515_032442_7e0dd5,scene_013,vlm_best_question,ambiguous,4,3.0,True,2,2,2.2,1,correct,Pick up my bottle.,2.05,2.05
trial_20260515_032627_124d5f,scene_013,vlm_best_question,partial,1,1.0,True,0,0,0.0,1,correct,Pick up left bottle.,0.0,0.0
trial_20260515_032750_fd8f7c,scene_013,vlm_best_question,partial,1,0.0,False,0,0,0.0,1,correct,Pick up the right bottle.,0.0,0.0
trial_20260515_032819_9afbac,scene_013,vlm_best_question,clear,1,0.0,False,0,0,0.0,1,correct,Pick up the green bottle.,0.0,0.0
trial_20260515_032827_8f3714,scene_013,vlm_best_question,clear,1,0.0,False,0,0,0.0,1,correct,Pick up the blue bottle.,0.0,0.0
trial_20260515_032834_8f89b5,scene_013,proposed_efe,clear,1,0.0,False,0,0,0.0,1,correct,Pick up the blue bottle.,0.0,0.0
trial_20260515_032850_18a17f,scene_013,proposed_efe,clear,1,0.0,False,0,0,0.0,1,correct,Pick up the green bottle.,0.0,0.0
trial_20260515_032901_5f284d,scene_013,proposed_efe,partial,1,1.0,True,0,0,0.0,1,correct,Pick up the left bottle.,0.0,0.0
trial_20260515_033035_d25d3e,scene_013,proposed_efe,partial,1,1.0,True,0,0,0.0,1,correct,Pick up the right bottle.,0.0,0.0
trial_20260515_033246_3aea0a,scene_013,proposed_efe,ambiguous,4,1.0,True,2,2,2.2,1,correct,Pick up my bottle.,2.05,2.05
trial_20260515_033354_cfe3e2,scene_013,proposed_efe,ambiguous,4,3.0,True,2,2,2.2,1,correct,Pick up my bottle.,2.05,2.05
trial_20260515_214032_d3f2c8,scene_014,top_score,clear,1,0.0,False,0,0,0.0,1,correct,Pick up the green bottle.,0.0,0.0
trial_20260515_214053_eb6a41,scene_014,top_score,clear,1,0.0,False,0,0,0.0,1,correct,Pick up the red bottle.,0.0,0.0
trial_20260515_214214_329057,scene_014,top_score,partial,2,0.0,False,1,1,1.0,0,wrong,Pick up the left bottle.,1.0,1.0
trial_20260515_214257_6ca6ee,scene_014,top_score,ambiguous,4,0.0,False,2,2,2.2,1,correct,Pick up my bottle.,2.05,2.05
trial_20260515_214300_f3be80,scene_014,top_score,ambiguous,4,0.0,False,2,2,2.2,0,wrong,Pick up my bottle.,2.05,2.05
trial_20260515_214310_fa1cc4,scene_014,random_candidate,ambiguous,4,0.0,False,2,2,2.2,0,wrong,Pick up my bottle.,2.05,2.05
trial_20260515_214319_8197d7,scene_014,random_candidate,ambiguous,4,0.0,False,2,2,2.2,0,wrong,Pick up my bottle.,2.05,2.05
trial_20260515_214334_188190,scene_014,random_candidate,partial,2,0.0,False,1,1,1.0,1,correct,Pick up the left bottle.,1.0,1.0
trial_20260515_214347_4dc2c9,scene_014,random_candidate,partial,1,0.0,False,0,0,0.0,1,correct,Pick up the right bottle.,0.0,0.0
trial_20260515_214412_2baaa0,scene_014,random_candidate,clear,1,0.0,False,0,0,0.0,1,correct,Pick up the black bottle.,0.0,0.0
trial_20260515_214423_eb0ad4,scene_014,random_candidate,clear,1,0.0,False,0,0,0.0,1,correct,Pick up the tall bottle.,0.0,0.0
trial_20260515_214434_4bb50c,scene_014,vlm_direct,clear,1,0.0,False,0,0,0.0,1,correct,Pick up the tall bottle.,0.0,0.0
trial_20260515_214442_75e7a3,scene_014,vlm_direct,clear,1,0.0,False,0,0,0.0,1,correct,Pick up the red bottle.,0.0,0.0
trial_20260515_214454_6776ba,scene_014,vlm_direct,partial,1,0.0,False,0,0,0.0,1,correct,Pick up the right bottle.,0.0,0.0
trial_20260515_214508_42cac3,scene_014,vlm_direct,partial,2,0.0,False,1,1,1.0,1,correct,Pick up the left bottle.,1.0,1.0
trial_20260515_214636_202a20,scene_014,vlm_direct,ambiguous,4,0.0,False,2,2,2.2,0,wrong,Pick up my bottle.,2.05,2.05
trial_20260515_214728_475501,scene_014,vlm_direct,ambiguous,4,0.0,False,2,2,2.2,0,wrong,Pick up my bottle.,2.05,2.05
trial_20260515_214857_08c705,scene_014,first_question,ambiguous,4,3.0,True,2,2,2.2,1,correct,Pick up my bottle.,2.05,2.05
trial_20260515_215239_01cb10,scene_014,first_question,ambiguous,4,1.0,True,2,2,2.2,1,correct,Pick up my bottle.,2.05,2.05
trial_20260515_215642_826bd1,scene_014,first_question,partial,2,1.0,True,1,1,1.0,1,correct,Pick up the left bottle.,1.0,1.0
trial_20260515_215723_3210b3,scene_014,first_question,partial,1,0.0,False,0,0,0.0,1,correct,Pick up the right bottle.,0.0,0.0
trial_20260515_215812_b63f67,scene_014,first_question,clear,1,0.0,False,0,0,0.0,1,correct,Pick up the red bottle.,0.0,0.0
trial_20260515_215834_022024,scene_014,random_question,clear,1,0.0,False,0,0,0.0,1,correct,Pick up the black bottle.,0.0,0.0
trial_20260515_215850_e2d6f8,scene_014,random_question,clear,1,0.0,False,0,0,0.0,1,correct,Pick up the bottom bottle.,0.0,0.0
trial_20260515_220034_06dd6d,scene_014,random_question,partial,2,1.0,True,1,1,1.0,1,correct,Pick up the left bottle.,1.0,1.0
trial_20260515_220353_3d6f12,scene_014,random_question,ambiguous,4,3.0,True,2,2,2.2,1,correct,Pick up my bottle.,2.05,2.05
trial_20260515_220649_faba41,scene_014,random_question,ambiguous,4,1.0,True,2,2,2.2,1,correct,Pick up my bottle.,2.05,2.05
trial_20260515_220808_96dd4f,scene_014,vlm_best_question,ambiguous,4,2.0,True,2,2,2.2,1,correct,Pick up my bottle.,2.05,2.05
trial_20260515_221012_c2f200,scene_014,vlm_best_question,ambiguous,4,1.0,True,2,2,2.2,1,correct,Pick up my bottle.,2.05,2.05
trial_20260515_221120_1e7ab2,scene_014,vlm_best_question,partial,2,1.0,True,1,1,1.0,1,correct,Pick up the left bottle.,1.0,1.0
trial_20260515_221155_8ba714,scene_014,vlm_best_question,partial,1,0.0,False,0,0,0.0,1,correct,Pick up the right bottle.,0.0,0.0
trial_20260515_221226_d56ed5,scene_014,vlm_best_question,clear,1,0.0,False,0,0,0.0,1,correct,Pick up the tall bottle.,0.0,0.0
trial_20260515_221234_31fa49,scene_014,vlm_best_question,clear,1,0.0,False,0,0,0.0,1,correct,Pick up the green bottle.,0.0,0.0
trial_20260515_221257_2a7567,scene_014,proposed_efe,clear,1,0.0,False,0,0,0.0,1,correct,Pick up the green bottle.,0.0,0.0
trial_20260515_221307_ba3996,scene_014,proposed_efe,clear,1,0.0,False,0,0,0.0,1,correct,Pick up the left most bottle.,0.0,0.0
trial_20260515_221317_e83cec,scene_014,proposed_efe,partial,1,1.0,True,0,0,0.0,1,correct,Pick up the right bottle.,0.0,0.0
trial_20260515_221454_372484,scene_014,proposed_efe,partial,2,1.0,True,1,1,1.0,1,correct,Pick up the left bottle.,1.0,1.0
trial_20260515_221634_0662f1,scene_014,proposed_efe,ambiguous,4,2.0,True,2,2,2.2,1,correct,Pick up my bottle.,2.05,2.05
trial_20260515_221759_b67ad0,scene_014,proposed_efe,ambiguous,4,2.0,True,2,2,2.2,1,correct,Pick up my bottle.,2.05,2.05
trial_20260515_222025_830546,scene_015,top_score,ambiguous,4,0.0,False,2,2,2.2,0,wrong,Pick up my bottle.,2.05,2.05
trial_20260515_222032_d722d7,scene_015,top_score,ambiguous,4,0.0,False,2,2,2.2,0,wrong,Pick up my bottle.,2.05,2.05
trial_20260515_222050_4aa3d1,scene_015,top_score,partial,1,0.0,False,0,0,0.0,0,unresolved,Pick up the left bottle.,0.0,0.0
trial_20260515_222105_c7d089,scene_015,top_score,partial,1,0.0,False,0,0,0.0,1,correct,Pick up the right bottle.,0.0,0.0
trial_20260515_222124_1c12d6,scene_015,top_score,clear,1,0.0,False,0,0,0.0,1,correct,Pick up the green bottle.,0.0,0.0
trial_20260515_222132_ab7d0c,scene_015,top_score,clear,1,0.0,False,0,0,0.0,1,correct,Pick up the red bottle.,0.0,0.0
trial_20260515_222146_9e3b43,scene_015,random_candidate,clear,1,0.0,False,0,0,0.0,1,correct,Pick up the blue bottle.,0.0,0.0
trial_20260515_222201_f5f7db,scene_015,random_candidate,clear,1,0.0,False,0,0,0.0,1,correct,Pick up the black bottle.,0.0,0.0
trial_20260515_222222_83c837,scene_015,vlm_direct,clear,1,0.0,False,0,0,0.0,1,correct,Pick up the tall bottle.,0.0,0.0
trial_20260515_222239_f83568,scene_015,vlm_direct,clear,1,0.0,False,0,0,0.0,1,correct,Pick up the bottom bottle.,0.0,0.0
trial_20260515_222256_271f21,scene_015,first_question,clear,1,0.0,False,0,0,0.0,1,correct,Pick up the left most bottle.,0.0,0.0
trial_20260515_222314_84dd15,scene_015,first_question,clear,1,0.0,False,0,0,0.0,1,correct,Pick up the right most bottle.,0.0,0.0
trial_20260515_222336_ed4841,scene_015,random_candidate,partial,1,0.0,False,0,0,0.0,1,correct,Pick up the right bottle.,0.0,0.0
trial_20260515_222348_ccaaab,scene_015,random_candidate,partial,1,0.0,False,0,0,0.0,0,unresolved,Pick up the left bottle.,0.0,0.0
trial_20260515_222357_8caadc,scene_015,random_candidate,ambiguous,4,0.0,False,2,2,2.2,1,correct,Pick up my bottle.,2.05,2.05
trial_20260515_222408_336b22,scene_015,random_candidate,ambiguous,4,0.0,False,2,2,2.2,0,wrong,Pick up my bottle.,2.05,2.05
trial_20260515_222429_cb0801,scene_015,vlm_direct,ambiguous,4,0.0,False,2,2,2.2,0,wrong,Pick up my bottle.,2.05,2.05
trial_20260515_222632_c0db24,scene_015,vlm_direct,ambiguous,4,0.0,False,2,2,2.2,0,wrong,Pick up my bottle.,2.05,2.05
trial_20260515_222758_47feb7,scene_015,vlm_direct,partial,1,0.0,False,0,0,0.0,0,unresolved,Pick up the left bottle.,0.0,0.0
trial_20260515_222812_448cd7,scene_015,vlm_direct,partial,1,0.0,False,0,0,0.0,1,correct,Pick up the right bottle.,0.0,0.0
trial_20260515_222821_2475ab,scene_015,first_question,partial,1,0.0,False,0,0,0.0,1,correct,Pick up the right bottle.,0.0,0.0
trial_20260515_222901_144121,scene_015,first_question,partial,1,1.0,True,0,0,0.0,1,correct,Pick up the right bottle.,0.0,0.0
trial_20260515_223001_7d8df9,scene_015,first_question,partial,1,0.0,False,0,0,0.0,0,unresolved,Pick up the left bottle.,0.0,0.0
trial_20260515_223246_b6ff1f,scene_015,first_question,ambiguous,4,2.0,True,2,2,2.2,1,correct,Pick up my bottle.,2.05,2.05
trial_20260515_223442_3427b0,scene_015,first_question,ambiguous,4,2.0,True,2,2,2.2,1,correct,Pick up my bottle.,2.05,2.05
trial_20260515_223621_8a74b7,scene_015,random_question,ambiguous,4,3.0,True,2,2,2.2,1,correct,Pick up my bottle.,2.05,2.05
trial_20260515_223856_2498ac,scene_015,random_question,ambiguous,4,3.0,True,2,2,2.2,1,correct,Pick up my bottle.,2.05,2.05
trial_20260515_224235_e03f87,scene_015,random_question,partial,1,1.0,True,0,0,0.0,0,unresolved,Pick up the left bottle.,0.0,0.0
trial_20260515_224345_d8cf0d,scene_015,random_question,partial,1,1.0,True,0,0,0.0,1,correct,Pick up the right bottle.,0.0,0.0
trial_20260515_224518_b23169,scene_015,random_question,clear,1,0.0,False,0,0,0.0,1,correct,Pick up the black bottle.,0.0,0.0
trial_20260515_224526_be1879,scene_015,random_question,clear,1,0.0,False,0,0,0.0,1,correct,Pick up the red bottle.,0.0,0.0
trial_20260515_224537_8c71d7,scene_015,vlm_best_question,clear,1,0.0,False,0,0,0.0,1,correct,Pick up the red bottle.,0.0,0.0
trial_20260515_224546_8d76ef,scene_015,vlm_best_question,clear,1,0.0,False,0,0,0.0,1,correct,Pick up the tall bottle.,0.0,0.0
trial_20260515_224744_df00d0,scene_015,vlm_best_question,partial,1,0.0,False,0,0,0.0,1,correct,Pick up the right bottle.,0.0,0.0
trial_20260515_224821_69e7d9,scene_015,vlm_best_question,partial,1,1.0,True,0,0,0.0,0,unresolved,Pick up the left bottle.,0.0,0.0
trial_20260515_224959_3d0b38,scene_015,vlm_best_question,ambiguous,4,2.0,True,2,2,2.2,1,correct,Pick up my bottle.,2.05,2.05
trial_20260515_225234_975605,scene_015,vlm_best_question,ambiguous,4,2.0,True,2,2,2.2,1,correct,Pick up my bottle.,2.05,2.05
trial_20260515_225743_ed6d04,scene_015,proposed_efe,ambiguous,4,1.0,True,2,2,2.2,1,correct,Pick up my bottle.,2.05,2.05
trial_20260515_225944_1fb1d8,scene_015,proposed_efe,ambiguous,4,2.0,True,2,2,2.2,1,correct,Pick up my bottle.,2.05,2.05
trial_20260515_230207_0f8ec2,scene_015,proposed_efe,partial,1,0.0,False,0,0,0.0,0,wrong,Pick up the left bottle.,0.0,0.0
trial_20260515_230443_fb564a,scene_015,proposed_efe,partial,1,1.0,True,0,0,0.0,1,correct,Pick up the right bottle.,0.0,0.0
trial_20260515_230553_ee2000,scene_015,proposed_efe,clear,1,0.0,False,0,0,0.0,1,correct,Pick up the red bottle.,0.0,0.0
trial_20260515_230602_4f1f7f,scene_015,proposed_efe,clear,1,0.0,False,0,0,0.0,1,correct,Pick up the black bottle.,0.0,0.0
trial_20260516_010832_dffc62,scene_016,top_score,clear,1,0.0,False,0,0,0.0,1,correct,Pick up the blue fork.,0.0,0.0
trial_20260516_010849_d0a949,scene_016,top_score,clear,1,0.0,False,0,0,0.0,1,correct,Pick up the yellow fork.,0.0,0.0
trial_20260516_010910_d6aeff,scene_016,random_candidate,clear,1,0.0,False,0,0,0.0,1,correct,Pick up the green fork.,0.0,0.0
trial_20260516_011028_12b45d,scene_016,vlm_direct,clear,7,0.0,False,3,3,3.5557,1,correct,Pick up the right folk.,2.9785142857142852,2.983085714285714
trial_20260516_011120_55329c,scene_016,first_question,clear,1,0.0,False,0,0,0.0,1,correct,Pick up the blue spoon.,0.0,0.0
trial_20260516_011245_d832e2,scene_016,top_score,partial,1,0.0,False,0,0,0.0,0,wrong,Pick up the red fork.,0.0,0.0
trial_20260516_011256_1914a9,scene_016,top_score,partial,1,0.0,False,0,0,0.0,1,correct,Pick up the red spoon.,0.0,0.0
trial_20260516_011313_aa428d,scene_016,top_score,ambiguous,3,0.0,False,2,2,1.6667,0,wrong,Pick up my spoon.,1.6666666666666665,1.6666666666666665
trial_20260516_012422_ba3f5f,scene_016,random_question,clear,1,0.0,False,0,0,0.0,1,correct,Pick up the blue fork.,0.0,0.0
trial_20260516_012433_f2bcff,scene_016,random_question,clear,1,0.0,False,0,0,0.0,1,correct,Pick up the blue spoon.,0.0,0.0
trial_20260516_012450_5aa8e0,scene_016,vlm_best_question,clear,1,0.0,False,0,0,0.0,1,correct,Pick up the yellow fork.,0.0,0.0
trial_20260516_012501_26f555,scene_016,vlm_best_question,clear,1,0.0,False,0,0,0.0,1,correct,Pick up the left fork.,0.0,0.0
trial_20260516_012515_b5cc30,scene_016,proposed_efe,clear,1,0.0,False,0,0,0.0,1,correct,Pick up the left fork.,0.0,0.0
trial_20260516_012547_79efb8,scene_016,proposed_efe,clear,1,0.0,False,0,0,0.0,1,correct,Pick up the pink spoon.,0.0,0.0
trial_20260516_013047_8ab6c9,scene_016,top_score,ambiguous,4,0.0,False,2,2,2.2,0,wrong,Pick up my fork.,2.05,2.05
trial_20260516_013124_dcee5c,scene_016,random_candidate,ambiguous,4,0.0,False,2,2,2.2,1,correct,Pick up my fork.,2.05,2.05
trial_20260516_013154_d25575,scene_016,random_candidate,partial,1,0.0,False,0,0,0.0,1,correct,Pick up the right fork.,0.0,0.0
trial_20260516_013214_77eb12,scene_016,random_candidate,partial,1,0.0,False,0,0,0.0,1,correct,Pick up the blue fork.,0.0,0.0
trial_20260516_013228_b1cff2,scene_016,vlm_direct,partial,1,0.0,False,0,0,0.0,1,correct,Pick up the blue fork.,0.0,0.0
trial_20260516_013239_2fb4f4,scene_016,vlm_direct,partial,1,0.0,False,0,0,0.0,1,correct,Pick up the right fork.,0.0,0.0
trial_20260516_013258_18fca1,scene_016,vlm_direct,ambiguous,4,0.0,False,2,2,2.2,0,wrong,Pick up my fork.,2.05,2.05
trial_20260516_013405_195a16,scene_016,vlm_direct,ambiguous,4,0.0,False,2,2,2.2,0,wrong,Pick up my fork.,2.05,2.05
trial_20260516_013516_7a4f89,scene_016,first_question,ambiguous,4,3.0,True,2,2,2.2,1,correct,Pick up my fork.,2.05,2.05
trial_20260516_013845_0a22ee,scene_016,first_question,ambiguous,3,2.0,True,2,2,1.6667,1,correct,Pick up my spoon.,1.6666666666666665,1.6666666666666665
trial_20260516_014048_cc3a51,scene_016,first_question,partial,1,0.0,False,0,0,0.0,0,unresolved,Pick up the right spoon.,0.0,0.0
trial_20260516_020340_f61ea5,scene_016,first_question,partial,1,0.0,False,0,0,0.0,1,correct,Pick up the right fork.,0.0,0.0
trial_20260516_020439_fef12a,scene_016,first_question,clear,1,0.0,False,0,0,0.0,1,correct,Pick up the green fork.,0.0,0.0
trial_20260516_020508_ec3aea,scene_016,random_question,partial,1,0.0,False,0,0,0.0,1,correct,Pick up the right fork.,0.0,0.0
trial_20260516_020534_0203b5,scene_016,random_question,partial,1,0.0,False,0,0,0.0,1,correct,Pick up the left fork.,0.0,0.0
trial_20260516_020618_18d428,scene_016,random_question,ambiguous,4,3.0,True,2,2,2.2,1,correct,Pick up my fork.,2.05,2.05
trial_20260516_020932_33543f,scene_016,random_question,ambiguous,3,2.0,True,2,2,1.6667,1,correct,Pick up my spoon.,1.6666666666666665,1.6666666666666665
trial_20260516_021229_7733d8,scene_016,vlm_best_question,ambiguous,3,2.0,True,2,2,1.6667,1,correct,Pick up my spoon.,1.6666666666666665,1.6666666666666665
trial_20260516_021429_8808a7,scene_016,vlm_best_question,ambiguous,4,3.0,True,2,2,2.2,1,correct,Pick up my fork.,2.05,2.05
trial_20260516_021700_a74ab1,scene_016,vlm_best_question,partial,1,0.0,False,0,0,0.0,1,correct,Pick up the left fork.,0.0,0.0
trial_20260516_021733_ba6818,scene_016,vlm_best_question,partial,1,0.0,False,0,0,0.0,1,correct,Pick up the right fork.,0.0,0.0
trial_20260516_021833_0f8c03,scene_016,proposed_efe,partial,1,0.0,False,0,0,0.0,1,correct,Pick up the right fork.,0.0,0.0
trial_20260516_021920_36d913,scene_016,proposed_efe,partial,1,0.0,False,0,0,0.0,1,correct,Pick up the left fork.,0.0,0.0
trial_20260516_022112_39afba,scene_016,proposed_efe,ambiguous,3,2.0,True,2,2,1.6667,0,wrong,Pick up my spoon.,1.6666666666666665,1.6666666666666665
trial_20260516_022329_cc45d2,scene_017,top_score,ambiguous,3,0.0,False,2,2,1.6667,1,correct,Pick up my spoon.,1.6666666666666665,1.6666666666666665
trial_20260516_022339_e953fd,scene_017,top_score,ambiguous,3,0.0,False,2,2,1.6667,0,wrong,Pick up my spoon.,1.6666666666666665,1.6666666666666665
trial_20260516_022419_ae82b5,scene_017,top_score,clear,1,0.0,False,0,0,0.0,1,correct,Pick up the blue spoon.,0.0,0.0
trial_20260516_022433_8caeb5,scene_017,random_candidate,clear,1,0.0,False,0,0,0.0,1,correct,Pick up the pink spoon.,0.0,0.0
trial_20260516_022628_c7d12f,scene_017,random_candidate,clear,1,0.0,False,0,0,0.0,1,correct,Pick up the yellow fork.,0.0,0.0
trial_20260516_022651_4a49a7,scene_017,vlm_direct,clear,1,0.0,False,0,0,0.0,1,correct,Pick up the blue fork.,0.0,0.0
trial_20260516_022703_569c03,scene_017,vlm_direct,clear,1,0.0,False,0,0,0.0,1,correct,Pick up the green fork.,0.0,0.0
trial_20260516_022736_de5fb2,scene_017,first_question,clear,2,1.0,True,1,1,1.0,1,correct,Pick up the small red fork.,1.0,1.0
trial_20260516_022826_cef7db,scene_017,first_question,clear,1,0.0,False,0,0,0.0,1,correct,Pick up the bottom fork.,0.0,0.0
trial_20260516_022846_81fd6d,scene_017,random_question,clear,1,0.0,False,0,0,0.0,1,correct,Pick up the right fork.,0.0,0.0
trial_20260516_022901_a94566,scene_017,random_question,clear,1,0.0,False,0,0,0.0,1,correct,Pick up the right spoon.,0.0,0.0
trial_20260516_022915_aeddc1,scene_017,vlm_best_question,clear,1,0.0,False,0,0,0.0,1,correct,Pick up the left spoon.,0.0,0.0
trial_20260516_022931_382351,scene_017,vlm_best_question,clear,2,1.0,True,1,1,1.0,1,correct,Pick up the left fork.,1.0,1.0
trial_20260516_023037_ab71ad,scene_017,proposed_efe,clear,1,0.0,False,0,0,0.0,1,correct,Pick up the blue fork.,0.0,0.0
trial_20260516_023047_732365,scene_017,proposed_efe,clear,1,0.0,False,0,0,0.0,1,correct,Pick up the green fork.,0.0,0.0
trial_20260516_023122_20627f,scene_017,top_score,ambiguous,1,0.0,False,0,0,0.0,0,wrong,Pick up my fork.,0.0,0.0
trial_20260516_023134_e41df9,scene_017,top_score,ambiguous,1,0.0,False,0,0,0.0,0,wrong,Pick up my fork.,0.0,0.0
trial_20260516_023341_485e38,scene_017,random_candidate,ambiguous,1,0.0,False,0,0,0.0,0,wrong,Pick up my fork.,0.0,0.0
trial_20260516_023417_1b72ca,scene_017,random_candidate,partial,2,0.0,False,1,1,1.0,1,correct,Pick up the left fork.,1.0,1.0
trial_20260516_023441_59d6b6,scene_017,random_candidate,partial,1,0.0,False,0,0,0.0,1,correct,Pick up the right spoon.,0.0,0.0
trial_20260516_023514_d0f475,scene_017,vlm_direct,partial,1,0.0,False,0,0,0.0,1,correct,Pick up the right spoon.,0.0,0.0
trial_20260516_023530_b561b0,scene_017,vlm_direct,partial,1,0.0,False,0,0,0.0,1,correct,Pick up the left spoon.,0.0,0.0
trial_20260516_023549_a4b164,scene_017,vlm_direct,ambiguous,1,0.0,False,0,0,0.0,0,wrong,Pick up the my fork.,0.0,0.0
trial_20260516_023556_cb7cf4,scene_017,vlm_direct,ambiguous,1,0.0,False,0,0,0.0,1,correct,Pick up the my fork.,0.0,0.0
trial_20260516_023613_45994f,scene_017,vlm_direct,ambiguous,3,0.0,False,2,2,1.6667,0,wrong,Pick up the my spoon.,1.6666666666666665,1.6666666666666665
trial_20260516_024727_16adc9,scene_017,first_question,partial,2,1.0,True,1,1,1.0,1,correct,Pick the left fork.,1.0,1.0
trial_20260516_024818_76aac8,scene_017,first_question,partial,15,0.0,False,4,5,6.165,1,correct,Pick the right spoon.,4.2312852905984,4.2968078065664
trial_20260516_030447_836b8f,scene_017,first_question,clear,4,3.0,True,2,2,2.2,1,correct,Pick up the spoon.,2.05,2.05
trial_20260516_030829_78383a,scene_017,first_question,ambiguous,1,0.0,False,0,0,0.0,0,unresolved,Pick up my fork.,0.0,0.0
trial_20260516_030855_7c14be,scene_017,random_question,ambiguous,1,0.0,False,0,0,0.0,0,unresolved,Pick up my fork.,0.0,0.0
trial_20260516_030907_c25da4,scene_017,random_question,ambiguous,3,2.0,True,2,2,1.6667,1,correct,Pick up my spoon.,1.6666666666666665,1.6666666666666665
trial_20260516_031122_84902b,scene_017,random_question,partial,1,0.0,False,0,0,0.0,1,correct,Pick up the right spoon.,0.0,0.0
trial_20260516_031147_11cd91,scene_017,random_question,partial,2,1.0,True,1,1,1.0,1,correct,Pick up the left fork.,1.0,1.0
trial_20260516_031239_21d395,scene_017,vlm_best_question,partial,2,1.0,True,1,1,1.0,1,correct,Pick up the left fork.,1.0,1.0
trial_20260516_031400_f69cea,scene_017,vlm_best_question,partial,1,0.0,False,0,0,0.0,1,correct,Pick up the right spoon.,0.0,0.0
trial_20260516_031452_8c938d,scene_017,vlm_best_question,ambiguous,3,2.0,True,2,2,1.6667,1,correct,Pick up my spoon.,1.6666666666666665,1.6666666666666665
trial_20260516_031810_4d4a99,scene_017,vlm_best_question,ambiguous,5,4.0,True,3,3,2.688,1,correct,Pick up my folk.,2.448,2.448
trial_20260516_032211_15af74,scene_017,proposed_efe,ambiguous,5,3.0,True,3,3,2.688,1,correct,Pick up my folk.,2.448,2.448
trial_20260516_032444_f64d03,scene_017,proposed_efe,ambiguous,3,2.0,True,2,2,1.6667,1,correct,Pick up my spoon.,1.6666666666666665,1.6666666666666665
trial_20260516_033637_3b58e8,scene_018,top_score,clear,1,0.0,False,0,0,0.0,1,correct,Pick up the blue folk.,0.0,0.0
trial_20260516_033736_a95740,scene_018,top_score,clear,7,0.0,False,3,3,3.5557,1,correct,Pick up the yellow folk.,2.9785142857142852,2.983085714285714
trial_20260516_033809_ddb85a,scene_018,random_candidate,clear,7,0.0,False,3,3,3.5557,1,correct,Pick up the green folk.,2.9785142857142852,2.983085714285714
trial_20260516_033833_83b50a,scene_018,random_candidate,clear,1,0.0,False,0,0,0.0,1,correct,Pick up the blue spoon.,0.0,0.0
trial_20260516_033854_d454f9,scene_018,vlm_direct,clear,2,0.0,False,1,1,1.0,1,correct,Pick up the pink spoon.,1.0,1.0
trial_20260516_034040_cc1287,scene_018,top_score,partial,1,0.0,False,0,0,0.0,1,correct,Pick up the right spoon.,0.0,0.0
trial_20260516_034057_04ccce,scene_018,top_score,partial,1,0.0,False,0,0,0.0,1,correct,Pick up the left spoon.,0.0,0.0
trial_20260516_034120_011bda,scene_018,top_score,ambiguous,2,0.0,False,1,1,1.0,0,wrong,Pick up my spoon.,1.0,1.0
trial_20260516_034131_b1a042,scene_018,top_score,ambiguous,2,0.0,False,1,1,1.0,0,wrong,Pick up my spoon.,1.0,1.0
trial_20260516_034139_df547d,scene_018,random_candidate,ambiguous,2,0.0,False,1,1,1.0,1,correct,Pick up my spoon.,1.0,1.0
trial_20260516_034152_9c9b12,scene_018,random_candidate,ambiguous,2,0.0,False,1,1,1.0,0,wrong,Pick up my spoon.,1.0,1.0
trial_20260516_034211_478b52,scene_018,random_candidate,partial,1,0.0,False,0,0,0.0,1,correct,Pick up the right spoon.,0.0,0.0
trial_20260516_034223_23f42b,scene_018,random_candidate,partial,1,0.0,False,0,0,0.0,0,wrong,Pick up the top spoon.,0.0,0.0
trial_20260516_034232_500a65,scene_018,vlm_direct,partial,1,0.0,False,0,0,0.0,0,wrong,Pick up the top spoon.,0.0,0.0
trial_20260516_034243_b7f723,scene_018,vlm_direct,partial,1,0.0,False,0,0,0.0,1,correct,Pick up the right spoon.,0.0,0.0
trial_20260516_034255_99b2e7,scene_018,vlm_direct,ambiguous,2,0.0,False,1,1,1.0,0,wrong,Pick up my spoon.,1.0,1.0
trial_20260516_034417_cef004,scene_018,vlm_direct,ambiguous,1,0.0,False,0,0,0.0,0,wrong,Pick up my fork.,0.0,0.0
trial_20260516_034435_e66805,scene_018,first_question,ambiguous,1,0.0,False,0,0,0.0,0,unresolved,Pick up my fork.,0.0,0.0
trial_20260516_034450_5456b2,scene_018,first_question,ambiguous,2,1.0,True,1,1,1.0,1,correct,Pick up my spoon.,1.0,1.0
trial_20260516_034521_8f3921,scene_018,first_question,partial,1,0.0,False,0,0,0.0,1,correct,Pick up right spoon.,0.0,0.0
trial_20260516_034548_936437,scene_018,first_question,partial,1,0.0,False,0,0,0.0,1,correct,Pick up left fork.,0.0,0.0
trial_20260516_034621_25416c,scene_018,first_question,clear,1,0.0,False,0,0,0.0,1,correct,Pick up yellow fork.,0.0,0.0
trial_20260516_034648_db2d22,scene_018,first_question,clear,1,0.0,False,0,0,0.0,1,correct,Pick up the green fork.,0.0,0.0
trial_20260516_034711_765103,scene_018,random_question,clear,1,0.0,False,0,0,0.0,1,correct,Pick up the green fork.,0.0,0.0
trial_20260516_034730_f851fb,scene_018,random_question,clear,1,0.0,False,0,0,0.0,1,correct,Pick up the blue fork.,0.0,0.0
trial_20260516_034828_dd8da8,scene_018,random_question,partial,2,0.0,False,1,1,1.0,1,correct,Pick up the top left folk.,1.0,1.0
trial_20260516_034951_00c096,scene_018,random_question,ambiguous,2,1.0,True,1,1,1.0,1,correct,Pick up my folk.,1.0,1.0
trial_20260516_035101_30ad73,scene_018,random_question,ambiguous,2,0.0,False,1,1,1.0,0,wrong,Pick up my spoon.,1.0,1.0
trial_20260516_035206_68b724,scene_018,vlm_best_question,ambiguous,2,0.0,False,1,1,1.0,0,unresolved,Pick up my spoon.,1.0,1.0
trial_20260516_035244_c7bd52,scene_018,vlm_best_question,ambiguous,2,0.0,False,1,1,1.0,1,correct,Pick up my folk.,1.0,1.0
trial_20260516_035332_f647d1,scene_018,vlm_best_question,partial,1,0.0,False,0,0,0.0,1,correct,Pick up the right spoon.,0.0,0.0
trial_20260516_035456_76f476,scene_018,vlm_best_question,partial,2,0.0,False,1,1,1.0,1,correct,Pick up the right folk.,1.0,1.0
trial_20260516_035542_c8e567,scene_018,vlm_best_question,clear,7,1.0,True,3,3,3.5557,1,correct,Pick up the green folk.,2.9785142857142852,2.983085714285714
trial_20260516_035716_445c66,scene_018,vlm_best_question,clear,1,0.0,False,0,0,0.0,1,correct,Pick up the blue fork.,0.0,0.0
trial_20260516_035729_25adb2,scene_018,proposed_efe,clear,1,0.0,False,0,0,0.0,1,correct,Pick up the blue fork.,0.0,0.0
trial_20260516_035739_ccf8b8,scene_018,proposed_efe,clear,1,0.0,False,0,0,0.0,1,correct,Pick up the yellow fork.,0.0,0.0
trial_20260516_035802_06fb4f,scene_018,proposed_efe,partial,1,0.0,False,0,0,0.0,1,correct,Pick up the right fork.,0.0,0.0
trial_20260516_035849_0c9e12,scene_018,proposed_efe,partial,1,0.0,False,0,0,0.0,1,correct,Pick up the right spoon.,0.0,0.0
trial_20260516_040247_5bfb43,scene_018,proposed_efe,ambiguous,2,1.0,True,1,1,1.0,1,correct,Pick up my spoon.,1.0,1.0
trial_20260516_040358_b27b39,scene_018,proposed_efe,ambiguous,2,0.0,False,1,1,1.0,1,correct,Pick up my folk.,1.0,1.0
trial_20260516_040450_27cc70,scene_018,proposed_efe,ambiguous,1,0.0,False,0,0,0.0,0,unresolved,Pick up my fork.,0.0,0.0
trial_20260516_165123_96e28c,scene_019,top_score,clear,1,0.0,False,0,0,0.0,1,correct,pick up the yellow fork.,0.0,0.0
trial_20260516_165149_1d485e,scene_019,top_score,clear,1,0.0,False,0,0,0.0,1,correct,pick up the blue fork.,0.0,0.0
trial_20260516_165205_aa06d7,scene_019,random_candidate,clear,1,0.0,False,0,0,0.0,1,correct,pick up the green fork.,0.0,0.0
trial_20260516_165241_8cba9f,scene_019,random_candidate,clear,1,0.0,False,0,0,0.0,1,correct,pick up the red spoon.,0.0,0.0
trial_20260516_165258_ab9edc,scene_019,vlm_direct,clear,1,0.0,False,0,0,0.0,1,correct,pick up the blue spoon.,0.0,0.0
trial_20260516_165313_868f77,scene_019,vlm_direct,clear,2,0.0,False,1,1,1.0,0,wrong,pick up the pink spoon.,1.0,1.0
trial_20260516_165554_d90f84,scene_019,first_question,clear,1,0.0,False,0,0,0.0,1,correct,pick up the right spoon.,0.0,0.0
trial_20260516_165613_2a4361,scene_019,first_question,clear,1,0.0,False,0,0,0.0,1,correct,pick up the bottom spoon.,0.0,0.0
trial_20260516_165708_aa0531,scene_019,random_question,clear,1,0.0,False,0,0,0.0,1,correct,pick up the green fork.,0.0,0.0
trial_20260516_165727_5b7b04,scene_019,random_question,clear,1,0.0,False,0,0,0.0,1,correct,pick up the blue fork.,0.0,0.0
trial_20260516_165754_f23690,scene_019,vlm_best_question,clear,1,0.0,False,0,0,0.0,1,correct,pick up the yellow fork.,0.0,0.0
trial_20260516_165851_6ea6d6,scene_019,vlm_best_question,clear,1,0.0,False,0,0,0.0,1,correct,pick up the blue spoon.,0.0,0.0
trial_20260516_165902_76210a,scene_019,proposed_efe,clear,1,0.0,False,0,0,0.0,1,correct,pick up the blue spoon.,0.0,0.0
trial_20260516_165914_3b243e,scene_019,proposed_efe,clear,1,0.0,False,0,0,0.0,1,correct,pick up the red spoon.,0.0,0.0
trial_20260516_170021_ffc5b5,scene_019,top_score,partial,1,0.0,False,0,0,0.0,1,correct,pick up the left fork.,0.0,0.0
trial_20260516_170038_5da7f9,scene_019,top_score,partial,1,0.0,False,0,0,0.0,1,correct,pick up the right fork.,0.0,0.0
trial_20260516_170051_c75876,scene_019,top_score,ambiguous,1,0.0,False,0,0,0.0,0,unresolved,pick up my fork.,0.0,0.0
trial_20260516_170105_6e1796,scene_019,top_score,ambiguous,3,0.0,False,2,2,1.6667,0,wrong,pick up my spoon.,1.6666666666666665,1.6666666666666665
trial_20260516_170126_4cac8b,scene_019,random_candidate,ambiguous,3,0.0,False,2,2,1.6667,0,wrong,pick up my spoon.,1.6666666666666665,1.6666666666666665
trial_20260516_170136_977042,scene_019,random_candidate,ambiguous,1,0.0,False,0,0,0.0,0,unresolved,pick up my fork.,0.0,0.0
trial_20260516_170332_9313ad,scene_019,random_candidate,partial,1,0.0,False,0,0,0.0,1,correct,pick up the left fork.,0.0,0.0
trial_20260516_170352_b23c74,scene_019,random_candidate,partial,1,0.0,False,0,0,0.0,1,correct,pick up the right fork.,0.0,0.0
trial_20260516_170446_530998,scene_019,vlm_direct,partial,1,0.0,False,0,0,0.0,1,correct,pick up the right fork.,0.0,0.0
trial_20260516_170500_4e2374,scene_019,vlm_direct,partial,1,0.0,False,0,0,0.0,1,correct,pick up the left fork.,0.0,0.0
trial_20260516_170643_572b2a,scene_019,first_question,ambiguous,3,2.0,True,2,2,1.6667,1,correct,pick up my spoon.,1.6666666666666665,1.6666666666666665
trial_20260516_170754_fef4a0,scene_019,first_question,ambiguous,1,0.0,False,0,0,0.0,0,unresolved,pick up my fork.,0.0,0.0
trial_20260516_170818_d8540d,scene_019,first_question,partial,1,0.0,False,0,0,0.0,1,correct,pick up the left fork.,0.0,0.0
trial_20260516_170853_fd763a,scene_019,first_question,partial,1,0.0,False,0,0,0.0,1,correct,pick up the right fork.,0.0,0.0
trial_20260516_170925_d64017,scene_019,random_question,partial,1,0.0,False,0,0,0.0,1,correct,pick up the right fork.,0.0,0.0
trial_20260516_171003_6125ca,scene_019,random_question,partial,1,0.0,False,0,0,0.0,1,correct,pick up the left fork.,0.0,0.0
trial_20260516_171034_bff334,scene_019,random_question,ambiguous,1,0.0,False,0,0,0.0,0,unresolved,pick up my fork.,0.0,0.0
trial_20260516_171103_369ab9,scene_019,random_question,ambiguous,3,2.0,True,2,2,1.6667,1,correct,pick up my spoon.,1.6666666666666665,1.6666666666666665
trial_20260516_171302_fa7f2f,scene_019,vlm_best_question,ambiguous,3,2.0,True,2,2,1.6667,1,correct,pick up my spoon.,1.6666666666666665,1.6666666666666665
trial_20260516_171441_b140a1,scene_019,vlm_best_question,ambiguous,1,0.0,False,0,0,0.0,0,unresolved,pick up my fork.,0.0,0.0
trial_20260516_171505_8103e8,scene_019,vlm_best_question,partial,1,0.0,False,0,0,0.0,1,correct,pick up the left fork.,0.0,0.0
trial_20260516_171544_44800f,scene_019,vlm_best_question,partial,1,0.0,False,0,0,0.0,1,correct,pick up the right fork.,0.0,0.0
trial_20260516_171623_4428eb,scene_019,proposed_efe,partial,1,0.0,False,0,0,0.0,1,correct,pick up the right fork.,0.0,0.0
trial_20260516_171702_7358f5,scene_019,proposed_efe,partial,1,0.0,False,0,0,0.0,1,correct,pick up the left fork.,0.0,0.0
trial_20260516_171743_054274,scene_019,proposed_efe,ambiguous,1,0.0,False,0,0,0.0,0,unresolved,pick up my fork.,0.0,0.0
trial_20260516_171759_eeff32,scene_019,proposed_efe,ambiguous,3,2.0,True,2,2,1.6667,1,correct,pick up my spoon.,1.6666666666666665,1.6666666666666665
trial_20260516_172048_ef708c,scene_020,top_score,clear,1,0.0,False,0,0,0.0,1,correct,pick up the yellow fork.,0.0,0.0
trial_20260516_172109_adebf1,scene_020,random_candidate,clear,1,0.0,False,0,0,0.0,1,correct,pick up the red fork.,0.0,0.0
trial_20260516_172142_7343f1,scene_020,vlm_direct,clear,1,0.0,False,0,0,0.0,1,correct,pick up the blue spoon.,0.0,0.0
trial_20260516_172159_28bffa,scene_020,vlm_direct,clear,1,0.0,False,0,0,0.0,1,correct,pick up the right spoon.,0.0,0.0
trial_20260516_172214_153a73,scene_020,first_question,clear,1,0.0,False,0,0,0.0,1,correct,pick up the right spoon.,0.0,0.0
trial_20260516_172303_bc0a58,scene_020,first_question,clear,1,0.0,False,0,0,0.0,1,correct,pick up the green spoon.,0.0,0.0
trial_20260516_172336_6db0f1,scene_020,random_question,clear,1,0.0,False,0,0,0.0,1,correct,pick up the green spoon.,0.0,0.0
trial_20260516_172411_a22d4c,scene_020,random_question,clear,1,0.0,False,0,0,0.0,1,correct,pick up the red fork.,0.0,0.0
trial_20260516_172443_00c33e,scene_020,vlm_best_question,clear,1,0.0,False,0,0,0.0,1,correct,pick up the red fork.,0.0,0.0
trial_20260516_172516_12775b,scene_020,vlm_best_question,clear,1,0.0,False,0,0,0.0,1,correct,pick up the blue spoon.,0.0,0.0
trial_20260516_172527_930f93,scene_020,proposed_efe,clear,1,0.0,False,0,0,0.0,1,correct,pick up the blue spoon.,0.0,0.0
trial_20260516_172631_ddbf8f,scene_020,proposed_efe,clear,1,0.0,False,0,0,0.0,1,correct,pick up the red spoon.,0.0,0.0
trial_20260516_172728_167bb9,scene_020,top_score,partial,2,0.0,False,1,1,1.0,1,correct,pick up the left spoon.,1.0,1.0
trial_20260516_172748_b06aeb,scene_020,top_score,partial,2,0.0,False,1,1,1.0,0,wrong,pick up the pink spoon.,1.0,1.0
trial_20260516_172806_47a945,scene_020,top_score,ambiguous,6,0.0,False,3,3,3.152,0,wrong,pick up my spoon.,2.741333333333333,2.768
trial_20260516_172830_9f91a2,scene_020,top_score,ambiguous,1,0.0,False,0,0,0.0,0,unresolved,pick up my fork.,0.0,0.0
trial_20260516_172901_203dcf,scene_020,random_candidate,ambiguous,1,0.0,False,0,0,0.0,0,unresolved,pick up my fork.,0.0,0.0
trial_20260516_172922_e16506,scene_020,random_candidate,ambiguous,6,0.0,False,3,3,3.152,0,wrong,pick up my spoon.,2.741333333333333,2.768
trial_20260516_173046_447ae9,scene_020,random_candidate,partial,2,0.0,False,1,1,1.0,0,wrong,pick up the pink spoon.,1.0,1.0
trial_20260516_173102_1eaff6,scene_020,random_candidate,partial,2,0.0,False,1,1,1.0,0,wrong,pick up the left spoon.,1.0,1.0
trial_20260516_173208_cfd920,scene_020,vlm_direct,partial,2,0.0,False,1,1,1.0,1,correct,pick up the left spoon.,1.0,1.0
trial_20260516_173350_dce183,scene_020,vlm_direct,partial,2,0.0,False,1,1,1.0,0,wrong,pick up the pink spoon.,1.0,1.0
trial_20260516_173612_d0e279,scene_020,vlm_direct,ambiguous,6,0.0,False,3,3,3.152,0,wrong,pick up my spoon.,2.741333333333333,2.768
trial_20260516_173754_55933f,scene_020,vlm_direct,ambiguous,6,0.0,False,3,3,3.152,0,wrong,pick up my spoon.,2.741333333333333,2.768
trial_20260516_173946_f6348c,scene_020,first_question,ambiguous,6,4.0,True,3,3,3.152,1,correct,pick up my spoon.,2.741333333333333,2.768
trial_20260516_174300_fb3453,scene_020,first_question,ambiguous,1,0.0,False,0,0,0.0,0,unresolved,pick up my fork.,0.0,0.0
trial_20260516_174314_b37e07,scene_020,first_question,partial,1,0.0,False,0,0,0.0,1,correct,pick up pink fork.,0.0,0.0
trial_20260516_174347_e4b800,scene_020,first_question,partial,1,0.0,False,0,0,0.0,1,correct,pick up left fork.,0.0,0.0
trial_20260516_174412_52abbe,scene_020,random_question,partial,1,0.0,False,0,0,0.0,1,correct,pick up left fork.,0.0,0.0
trial_20260516_174518_7414e4,scene_020,vlm_best_question,partial,2,1.0,True,1,1,1.0,1,correct,pick up pink spoon.,1.0,1.0
trial_20260516_174552_a19a72,scene_020,vlm_best_question,partial,2,1.0,True,1,1,1.0,1,correct,pick up left spoon.,1.0,1.0
trial_20260516_174655_e75e47,scene_020,vlm_best_question,ambiguous,6,4.0,True,3,3,3.152,1,correct,pick up my spoon.,2.741333333333333,2.768
trial_20260516_174927_52b7fc,scene_020,vlm_best_question,ambiguous,1,0.0,False,0,0,0.0,0,unresolved,pick up my fork.,0.0,0.0
trial_20260516_174946_035c00,scene_020,proposed_efe,ambiguous,1,0.0,False,0,0,0.0,0,unresolved,pick up my fork.,0.0,0.0
trial_20260516_174959_917b35,scene_020,proposed_efe,ambiguous,6,4.0,True,3,3,3.152,1,correct,pick up my spoon.,2.741333333333333,2.768
trial_20260516_175915_5f62a4,scene_021,top_score,ambiguous,6,0.0,False,3,3,3.152,0,wrong,pick up my spoon.,2.741333333333333,2.768
trial_20260516_175932_30386a,scene_021,top_score,ambiguous,1,0.0,False,0,0,0.0,0,wrong,pick up my fork.,0.0,0.0
trial_20260516_175951_9661e4,scene_021,top_score,clear,1,0.0,False,0,0,0.0,1,correct,pick up the red fork.,0.0,0.0
trial_20260516_180005_07cc6d,scene_021,top_score,clear,1,0.0,False,0,0,0.0,1,correct,pick up the yellow fork.,0.0,0.0
trial_20260516_180331_fd086d,scene_021,random_candidate,clear,1,0.0,False,0,0,0.0,1,correct,pick up the right spoon.,0.0,0.0
trial_20260516_180347_0e875a,scene_021,random_candidate,clear,2,0.0,False,1,1,1.0,1,correct,pick up the left spoon.,1.0,1.0
trial_20260516_180459_1e3941,scene_021,random_candidate,clear,1,0.0,False,0,0,0.0,0,wrong,pick up the green spoon.,0.0,0.0
trial_20260516_180524_1f0107,scene_021,vlm_direct,clear,1,0.0,False,0,0,0.0,1,correct,pick up the red spoon.,0.0,0.0
trial_20260516_180541_641e91,scene_021,vlm_direct,clear,1,0.0,False,0,0,0.0,1,correct,pick up the blue spoon.,0.0,0.0
trial_20260516_180603_2a0693,scene_021,first_question,clear,1,0.0,False,0,0,0.0,1,correct,pick up the red fork.,0.0,0.0
trial_20260516_180617_e8183a,scene_021,first_question,clear,1,0.0,False,0,0,0.0,1,correct,pick up the yellow fork.,0.0,0.0
trial_20260516_180634_396407,scene_021,random_question,clear,1,0.0,False,0,0,0.0,1,correct,pick up the yellow fork.,0.0,0.0
trial_20260516_180645_ad39d6,scene_021,random_question,clear,1,0.0,False,0,0,0.0,1,correct,pick up the red fork.,0.0,0.0
trial_20260516_180741_20292d,scene_021,random_question,clear,1,0.0,False,0,0,0.0,1,correct,pick up the yellow fork.,0.0,0.0
trial_20260516_180752_982b43,scene_021,vlm_best_question,clear,1,0.0,False,0,0,0.0,1,correct,pick up the yellow fork.,0.0,0.0
trial_20260516_180817_28b401,scene_021,vlm_best_question,clear,1,0.0,False,0,0,0.0,1,correct,pick up the red fork.,0.0,0.0
trial_20260516_180830_3e4e16,scene_021,proposed_efe,clear,1,0.0,False,0,0,0.0,1,correct,pick up the red fork.,0.0,0.0
trial_20260516_180849_d4d961,scene_021,proposed_efe,clear,1,0.0,False,0,0,0.0,0,wrong,pick up the orange spoon.,0.0,0.0
trial_20260516_181005_4f566e,scene_021,proposed_efe,partial,2,1.0,True,1,1,1.0,1,correct,pick up pink spoon.,1.0,1.0
trial_20260516_181114_625e5d,scene_021,top_score,partial,2,0.0,False,1,1,1.0,1,correct,pick up pink spoon.,1.0,1.0
trial_20260516_181129_eb83b0,scene_021,top_score,partial,2,0.0,False,1,1,1.0,0,wrong,pick up left spoon.,1.0,1.0
trial_20260516_181144_7c9b2d,scene_021,top_score,ambiguous,6,0.0,False,3,3,3.152,0,wrong,pick up my spoon.,2.741333333333333,2.768
trial_20260516_181209_ef6833,scene_021,top_score,ambiguous,1,0.0,False,0,0,0.0,0,unresolved,pick up my fork.,0.0,0.0
trial_20260516_181241_bae67d,scene_021,random_candidate,ambiguous,1,0.0,False,0,0,0.0,0,unresolved,pick up my fork.,0.0,0.0
trial_20260516_181254_89ee82,scene_021,random_candidate,ambiguous,6,0.0,False,3,3,3.152,0,wrong,pick up my spoon.,2.741333333333333,2.768
trial_20260516_181330_53a6c6,scene_021,random_candidate,partial,2,0.0,False,1,1,1.0,1,correct,pick up the pink spoon.,1.0,1.0
trial_20260516_181351_47419d,scene_021,vlm_direct,partial,2,0.0,False,1,1,1.0,1,correct,pick up the pink spoon.,1.0,1.0
trial_20260516_181445_d4a4c4,scene_021,vlm_direct,partial,2,0.0,False,1,1,1.0,0,wrong,pick up the left spoon.,1.0,1.0
trial_20260516_181531_d598a9,scene_021,vlm_direct,ambiguous,6,0.0,False,3,3,3.152,0,wrong,pick up my spoon.,2.741333333333333,2.768
trial_20260516_181718_f94914,scene_021,vlm_direct,ambiguous,1,0.0,False,0,0,0.0,0,wrong,pick up my fork.,0.0,0.0
trial_20260516_181749_ee534e,scene_021,first_question,ambiguous,1,0.0,False,0,0,0.0,0,unresolved,pick up my fork.,0.0,0.0
trial_20260516_181800_8567f8,scene_021,first_question,ambiguous,6,4.0,True,3,3,3.152,1,correct,pick up my spoon.,2.741333333333333,2.768
trial_20260516_182147_d91a00,scene_021,first_question,partial,2,1.0,True,1,1,1.0,1,correct,pick up the pink spoon.,1.0,1.0
trial_20260516_182247_652da9,scene_021,first_question,partial,2,1.0,True,1,1,1.0,1,correct,pick up the left spoon.,1.0,1.0
trial_20260516_182341_2a398f,scene_021,random_question,partial,2,1.0,True,1,1,1.0,1,correct,pick up the left spoon.,1.0,1.0
trial_20260516_182738_abbcd4,scene_021,random_question,partial,2,1.0,True,1,1,1.0,1,correct,pick up the pink spoon.,1.0,1.0
trial_20260516_182953_06659f,scene_021,random_question,ambiguous,6,4.0,True,3,3,3.152,1,correct,pick up my spoon.,2.741333333333333,2.768
trial_20260516_183452_f53376,scene_021,random_question,ambiguous,1,0.0,False,0,0,0.0,0,unresolved,pick up my fork.,0.0,0.0
trial_20260516_183503_66f1bb,scene_021,vlm_best_question,ambiguous,1,0.0,False,0,0,0.0,0,unresolved,pick up my fork.,0.0,0.0
trial_20260516_184639_bdf6b0,scene_021,vlm_best_question,ambiguous,6,5.0,True,3,3,3.152,1,correct,pick up my spoon.,2.741333333333333,2.768
trial_20260516_185221_c62037,scene_021,vlm_best_question,partial,2,1.0,True,1,1,1.0,1,correct,pick up the left spoon.,1.0,1.0
trial_20260516_185308_f72385,scene_021,vlm_best_question,partial,2,1.0,True,1,1,1.0,1,correct,pick up the pink spoon.,1.0,1.0
trial_20260516_185405_8f5bff,scene_021,proposed_efe,partial,2,1.0,True,1,1,1.0,1,correct,pick up the pink spoon.,1.0,1.0
trial_20260516_185446_9a4931,scene_021,proposed_efe,partial,2,1.0,True,1,1,1.0,1,correct,pick up the pink spoon.,1.0,1.0
trial_20260516_185555_4a69fc,scene_021,proposed_efe,ambiguous,6,4.0,True,3,3,3.152,1,correct,pick up my spoon.,2.741333333333333,2.768
trial_20260516_190021_d9886b,scene_021,proposed_efe,ambiguous,1,0.0,False,0,0,0.0,0,unresolved,pick up my fork.,0.0,0.0
trial_20260516_210404_554ded,scene_022,top_score,clear,1,0.0,False,0,0,0.0,1,correct,Pick up the yellow fork.,0.0,0.0
trial_20260516_210500_baef2e,scene_022,top_score,clear,1,0.0,False,0,0,0.0,1,correct,Pick up the red fork.,0.0,0.0
trial_20260516_210519_490617,scene_022,random_candidate,clear,1,0.0,False,0,0,0.0,1,correct,Pick up the red spoon.,0.0,0.0
trial_20260516_210531_7af165,scene_022,random_candidate,clear,1,0.0,False,0,0,0.0,1,correct,Pick up the blue spoon.,0.0,0.0
trial_20260516_210549_f4f066,scene_022,vlm_direct,clear,2,0.0,False,1,1,1.0,0,wrong,Pick up the green spoon.,1.0,1.0
trial_20260516_210833_f8cf89,scene_022,vlm_direct,clear,2,0.0,False,1,1,1.0,1,correct,Pick up the right spoon.,1.0,1.0
trial_20260516_211006_1ba934,scene_022,first_question,clear,1,0.0,False,0,0,0.0,1,correct,Pick up the red fork.,0.0,0.0
trial_20260516_211019_4de389,scene_022,random_question,clear,1,0.0,False,0,0,0.0,1,correct,Pick up the yellow fork.,0.0,0.0
trial_20260516_211031_5c27d9,scene_022,random_question,clear,1,0.0,False,0,0,0.0,1,correct,Pick up the red fork.,0.0,0.0
trial_20260516_211037_adf9fb,scene_022,vlm_best_question,clear,1,0.0,False,0,0,0.0,1,correct,Pick up the red fork.,0.0,0.0
trial_20260516_211049_1624b8,scene_022,vlm_best_question,clear,1,0.0,False,0,0,0.0,1,correct,Pick up the yellow fork.,0.0,0.0
trial_20260516_211058_4b85c4,scene_022,proposed_efe,clear,1,0.0,False,0,0,0.0,1,correct,Pick up the yellow fork.,0.0,0.0
trial_20260516_211103_77e962,scene_022,proposed_efe,clear,1,0.0,False,0,0,0.0,1,correct,Pick up the yellow fork.,0.0,0.0
trial_20260516_211129_4567f8,scene_022,top_score,partial,1,0.0,False,0,0,0.0,0,wrong,Pick up pink spoon.,0.0,0.0
trial_20260516_211143_2f7c5c,scene_022,top_score,partial,2,0.0,False,1,1,1.0,0,wrong,Pick up left spoon.,1.0,1.0
trial_20260516_211156_275958,scene_022,top_score,ambiguous,5,0.0,False,3,3,2.688,0,wrong,Pick up my spoon.,2.448,2.448
trial_20260516_211218_109195,scene_022,random_candidate,ambiguous,1,0.0,False,0,0,0.0,0,unresolved,Pick up my fork.,0.0,0.0
trial_20260516_211230_768793,scene_022,random_candidate,ambiguous,5,0.0,False,3,3,2.688,0,wrong,Pick up my spoon.,2.448,2.448
trial_20260516_211242_03897e,scene_022,random_candidate,partial,2,0.0,False,1,1,1.0,1,correct,Pick up the left spoon.,1.0,1.0
trial_20260516_211252_2d2e13,scene_022,random_candidate,partial,2,0.0,False,1,1,1.0,1,correct,Pick up the right spoon.,1.0,1.0
trial_20260516_211312_5fb522,scene_022,vlm_direct,partial,2,0.0,False,1,1,1.0,0,wrong,Pick up the right spoon.,1.0,1.0
trial_20260516_211437_79ceea,scene_022,vlm_direct,partial,2,0.0,False,1,1,1.0,0,wrong,Pick up the left spoon.,1.0,1.0
trial_20260516_211554_b64f3e,scene_022,vlm_direct,ambiguous,5,0.0,False,3,3,2.688,0,wrong,Pick up my spoon.,2.448,2.448
trial_20260516_211702_8cf313,scene_022,vlm_direct,ambiguous,1,0.0,False,0,0,0.0,0,unresolved,Pick up my fork.,0.0,0.0
trial_20260516_211728_d054f6,scene_022,first_question,ambiguous,5,4.0,True,3,3,2.688,1,correct,Pick up my spoon.,2.448,2.448
trial_20260516_212105_b54b48,scene_022,first_question,partial,2,1.0,True,1,1,1.0,1,correct,Pick up the left spoon.,1.0,1.0
trial_20260516_212211_ae45f1,scene_022,first_question,partial,5,1.0,True,3,3,2.688,1,correct,Pick up the right spoon.,2.448,2.448
trial_20260516_212258_d87abc,scene_022,random_question,partial,5,1.0,True,3,3,2.688,1,correct,Pick up the right spoon.,2.448,2.448
trial_20260516_212551_776255,scene_022,random_question,ambiguous,5,4.0,True,3,3,2.688,1,correct,Pick up my spoon.,2.448,2.448
trial_20260516_212955_0d4953,scene_022,random_question,ambiguous,1,0.0,False,0,0,0.0,0,unresolved,Pick up my fork.,0.0,0.0
trial_20260516_213104_b33a68,scene_022,vlm_best_question,ambiguous,1,0.0,False,0,0,0.0,0,unresolved,Pick up my fork.,0.0,0.0
trial_20260516_213124_782d37,scene_022,vlm_best_question,ambiguous,5,2.0,True,3,3,2.688,1,correct,Pick up my spoon.,2.448,2.448
trial_20260516_213348_1056f2,scene_022,vlm_best_question,partial,2,1.0,True,1,1,1.0,1,correct,Pick up the left spoon.,1.0,1.0
trial_20260516_213509_380993,scene_022,vlm_best_question,partial,5,1.0,True,3,3,2.688,1,correct,Pick up the right spoon.,2.448,2.448
trial_20260516_213636_30c287,scene_022,proposed_efe,partial,5,1.0,True,3,3,2.688,1,correct,Pick up the right spoon.,2.448,2.448
trial_20260516_213732_858a25,scene_022,proposed_efe,partial,2,1.0,True,1,1,1.0,1,correct,Pick up the left spoon.,1.0,1.0
trial_20260516_213936_e03320,scene_022,proposed_efe,ambiguous,5,3.0,True,3,3,2.688,1,correct,Pick up my spoon.,2.448,2.448
trial_20260516_214158_868368,scene_022,proposed_efe,ambiguous,1,0.0,False,0,0,0.0,0,unresolved,Pick up my fork.,0.0,0.0
trial_20260516_214342_a6ba40,scene_023,top_score,clear,1,0.0,False,0,0,0.0,1,correct,Pick up the green spoon.,0.0,0.0
trial_20260516_214516_807c03,scene_023,random_candidate,partial,1,0.0,False,0,0,0.0,0,wrong,Pick up the bottom spoon.,0.0,0.0
trial_20260516_214552_d4f397,scene_023,random_candidate,clear,1,0.0,False,0,0,0.0,1,correct,Pick up the red spoon.,0.0,0.0
trial_20260516_214613_7514ef,scene_023,vlm_direct,clear,1,0.0,False,0,0,0.0,1,correct,Pick up the green spoon.,0.0,0.0
trial_20260516_214853_e0c4d6,scene_023,vlm_direct,clear,1,0.0,False,0,0,0.0,0,wrong,Pick up the orange spoon.,0.0,0.0
trial_20260516_214908_7ab843,scene_023,first_question,clear,1,0.0,False,0,0,0.0,0,wrong,Pick up the pink spoon.,0.0,0.0
trial_20260516_214950_1234e0,scene_023,random_question,clear,1,0.0,False,0,0,0.0,1,correct,Pick up the dark blue spoon.,0.0,0.0
trial_20260516_215008_e2cad2,scene_023,random_question,clear,1,0.0,False,0,0,0.0,1,correct,Pick up the red spoon.,0.0,0.0
trial_20260516_215102_217eda,scene_023,vlm_best_question,clear,1,0.0,False,0,0,0.0,1,correct,Pick up the green spoon.,0.0,0.0
trial_20260516_215125_475a37,scene_023,vlm_best_question,clear,1,0.0,False,0,0,0.0,1,correct,Pick up the orange spoon.,0.0,0.0
trial_20260516_215144_9d2a14,scene_023,proposed_efe,clear,1,0.0,False,0,0,0.0,1,correct,Pick up the right spoon.,0.0,0.0
trial_20260516_215411_1e4f52,scene_023,top_score,partial,2,0.0,False,1,1,1.0,1,correct,Pick up the left spoon.,1.0,1.0
trial_20260516_215434_f74501,scene_023,top_score,partial,1,0.0,False,0,0,0.0,1,correct,Pick up the right spoon.,0.0,0.0
trial_20260516_215452_da478e,scene_023,top_score,ambiguous,6,0.0,False,3,3,3.152,0,wrong,Pick up my spoon.,2.741333333333333,2.768
trial_20260516_215459_eea336,scene_023,top_score,ambiguous,6,0.0,False,3,3,3.152,0,wrong,Pick up my spoon.,2.741333333333333,2.768
trial_20260516_215512_bea82d,scene_023,random_candidate,ambiguous,6,0.0,False,3,3,3.152,0,wrong,Pick up my spoon.,2.741333333333333,2.768
trial_20260516_215518_281d92,scene_023,random_candidate,ambiguous,6,0.0,False,3,3,3.152,0,wrong,Pick up my spoon.,2.741333333333333,2.768
trial_20260516_215539_b7962d,scene_023,random_candidate,partial,2,0.0,False,1,1,1.0,0,wrong,Pick up the left spoon.,1.0,1.0
trial_20260516_215648_b083ab,scene_023,random_candidate,partial,1,0.0,False,0,0,0.0,1,correct,Pick up the right spoon.,0.0,0.0
trial_20260516_215656_2a7584,scene_023,vlm_direct,partial,1,0.0,False,0,0,0.0,1,correct,Pick up the right spoon.,0.0,0.0
trial_20260516_215705_5529fe,scene_023,vlm_direct,partial,2,0.0,False,1,1,1.0,0,wrong,Pick up the left spoon.,1.0,1.0
trial_20260516_215814_dedac1,scene_023,vlm_direct,ambiguous,6,0.0,False,3,3,3.152,0,wrong,Pick up my spoon.,2.741333333333333,2.768
trial_20260516_220002_6bf3ed,scene_023,vlm_direct,ambiguous,6,0.0,False,3,3,3.152,0,wrong,Pick up my spoon.,2.741333333333333,2.768
trial_20260516_220431_c1eadb,scene_023,first_question,ambiguous,6,5.0,True,3,3,3.152,1,correct,Pick up my spoon.,2.741333333333333,2.768
trial_20260516_221218_ffe308,scene_023,random_question,partial,6,3.0,True,3,3,3.152,1,correct,Pick up the right spoon.,2.741333333333333,2.768
trial_20260516_221511_6e0d90,scene_023,random_question,partial,2,1.0,True,1,1,1.0,1,correct,Pick up the left spoon.,1.0,1.0
trial_20260516_221632_0cf1a1,scene_023,random_question,ambiguous,6,4.0,True,3,3,3.152,1,correct,Pick up my spoon.,2.741333333333333,2.768
trial_20260516_222547_2d6fa8,scene_023,vlm_best_question,ambiguous,6,3.0,True,3,3,3.152,1,correct,Pick up my spoon.,2.741333333333333,2.768
trial_20260516_222758_d8aff8,scene_023,random_question,ambiguous,6,3.0,True,3,3,3.152,1,correct,Pick up my spoon.,2.741333333333333,2.768
trial_20260516_223055_fce779,scene_023,vlm_best_question,ambiguous,6,2.0,True,3,3,3.152,1,correct,Pick up my spoon.,2.741333333333333,2.768
trial_20260516_223235_f7ef1d,scene_023,vlm_best_question,partial,2,1.0,True,1,1,1.0,1,correct,Pick up the left spoon.,1.0,1.0
trial_20260516_223309_961e9d,scene_023,vlm_best_question,partial,6,1.0,True,3,3,3.152,1,correct,Pick up the right spoon.,2.741333333333333,2.768
trial_20260516_223407_b0d568,scene_023,proposed_efe,partial,6,1.0,True,3,3,3.152,1,correct,Pick up the right spoon.,2.741333333333333,2.768
trial_20260516_223535_6eb1fd,scene_023,proposed_efe,partial,2,1.0,True,1,1,1.0,1,correct,Pick up the left spoon.,1.0,1.0
trial_20260516_223647_bf1d67,scene_023,proposed_efe,ambiguous,6,3.0,True,3,3,3.152,1,correct,Pick up my spoon.,2.741333333333333,2.768
trial_20260516_225013_f58e4b,scene_024,top_score,clear,1,0.0,False,0,0,0.0,1,correct,Pick up the blue fork.,0.0,0.0
trial_20260516_225039_5bc226,scene_024,random_candidate,clear,1,0.0,False,0,0,0.0,1,correct,Pick up the yellow fork.,0.0,0.0
trial_20260516_225125_645a49,scene_024,vlm_direct,clear,2,0.0,False,1,1,1.0,1,correct,Pick up the left fork.,1.0,1.0
trial_20260516_225339_15871f,scene_024,first_question,clear,1,0.0,False,0,0,0.0,1,correct,Pick up the bottom fork.,0.0,0.0
trial_20260516_225355_5ff3d6,scene_024,first_question,clear,1,0.0,False,0,0,0.0,1,correct,Pick up the red fork.,0.0,0.0
trial_20260516_225422_7653bb,scene_024,random_question,clear,1,0.0,False,0,0,0.0,1,correct,Pick up the green fork.,0.0,0.0
trial_20260516_225510_0b1084,scene_024,random_question,clear,1,0.0,False,0,0,0.0,1,correct,Pick up the yellow fork.,0.0,0.0
trial_20260516_225526_c4ea25,scene_024,vlm_best_question,clear,1,0.0,False,0,0,0.0,1,correct,Pick up the blue fork.,0.0,0.0
trial_20260516_225550_308cdc,scene_024,vlm_best_question,clear,1,0.0,False,0,0,0.0,1,correct,Pick up the red fork.,0.0,0.0
trial_20260516_225558_3188ad,scene_024,proposed_efe,clear,1,0.0,False,0,0,0.0,1,correct,Pick up the red fork.,0.0,0.0
trial_20260516_225615_34d840,scene_024,proposed_efe,clear,1,0.0,False,0,0,0.0,1,correct,Pick up the red fork.,0.0,0.0
trial_20260516_225656_6cceed,scene_024,top_score,partial,1,0.0,False,0,0,0.0,0,wrong,Pick up the right fork.,0.0,0.0
trial_20260516_225725_2cf46e,scene_024,top_score,ambiguous,4,0.0,False,2,2,2.2,0,wrong,Pick up my fork.,2.05,2.05
trial_20260516_225738_d3bb7a,scene_024,top_score,ambiguous,4,0.0,False,2,2,2.2,1,correct,Pick up my fork.,2.05,2.05
trial_20260516_225749_b01b8e,scene_024,proposed_efe,ambiguous,4,2.0,True,2,2,2.2,1,correct,Pick up my fork.,2.05,2.05
trial_20260516_230028_845488,scene_024,random_candidate,ambiguous,4,0.0,False,2,2,2.2,0,wrong,Pick up my fork.,2.05,2.05
trial_20260516_230036_c398e9,scene_024,random_candidate,ambiguous,4,0.0,False,2,2,2.2,0,wrong,Pick up my fork.,2.05,2.05
trial_20260516_230102_4c32b4,scene_024,random_candidate,partial,2,0.0,False,1,1,1.0,0,wrong,Pick up the left fork.,1.0,1.0
trial_20260516_230113_d98f39,scene_024,random_candidate,partial,1,0.0,False,0,0,0.0,0,wrong,Pick up the right fork.,0.0,0.0
trial_20260516_230122_5c8c1a,scene_024,vlm_direct,partial,1,0.0,False,0,0,0.0,0,wrong,Pick up the right fork.,0.0,0.0
trial_20260516_230136_d48be9,scene_024,vlm_direct,partial,2,0.0,False,1,1,1.0,1,correct,Pick up the left fork.,1.0,1.0
trial_20260516_230352_d8f2a3,scene_024,vlm_direct,ambiguous,4,0.0,False,2,2,2.2,0,wrong,Pick up my fork.,2.05,2.05
trial_20260516_230835_5afcf5,scene_024,vlm_direct,ambiguous,4,0.0,False,2,2,2.2,0,wrong,Pick up my fork.,2.05,2.05
trial_20260516_231146_d6632c,scene_024,first_question,ambiguous,4,2.0,True,2,2,2.2,1,correct,Pick up my fork.,2.05,2.05
trial_20260516_231334_885cda,scene_024,first_question,ambiguous,4,3.0,True,2,2,2.2,1,correct,Pick up my fork.,2.05,2.05
trial_20260516_231742_b69945,scene_024,first_question,partial,2,1.0,True,1,1,1.0,1,correct,Pick up the left fork.,1.0,1.0
trial_20260516_231857_d4eb43,scene_024,first_question,partial,1,0.0,False,0,0,0.0,0,wrong,Pick up the right fork.,0.0,0.0
trial_20260516_232052_f3696c,scene_024,random_question,partial,1,0.0,False,0,0,0.0,0,wrong,Pick up the right fork.,0.0,0.0
trial_20260516_232138_76095a,scene_024,random_question,partial,2,1.0,True,1,1,1.0,1,correct,Pick up the left fork.,1.0,1.0
trial_20260516_232254_6922f4,scene_024,random_question,ambiguous,4,3.0,True,2,2,2.2,1,correct,Pick up my fork.,2.05,2.05
trial_20260516_232514_136863,scene_024,random_question,ambiguous,4,2.0,True,2,2,2.2,1,correct,Pick up my fork.,2.05,2.05
trial_20260516_232654_7d1cc8,scene_024,vlm_best_question,ambiguous,4,1.0,True,2,2,2.2,1,correct,Pick up my fork.,2.05,2.05
trial_20260516_232741_af6f54,scene_024,vlm_best_question,ambiguous,4,3.0,True,2,2,2.2,1,correct,Pick up my fork.,2.05,2.05
trial_20260516_233003_35766d,scene_024,vlm_best_question,partial,2,1.0,True,1,1,1.0,1,correct,Pick up the left fork.,1.0,1.0
trial_20260516_233114_ade89a,scene_024,vlm_best_question,partial,1,0.0,False,0,0,0.0,0,wrong,Pick up the right fork.,0.0,0.0
trial_20260516_233141_2d5ecf,scene_024,proposed_efe,partial,1,0.0,False,0,0,0.0,0,wrong,Pick up the right fork.,0.0,0.0
trial_20260516_233209_b3be89,scene_024,proposed_efe,partial,2,1.0,True,1,1,1.0,1,correct,Pick up the left fork.,1.0,1.0
trial_20260516_233525_a76f98,scene_024,proposed_efe,ambiguous,4,2.0,True,2,2,2.2,1,correct,Pick up my fork.,2.05,2.05
trial_20260517_025146_2fd687,scene_025,top_score,clear,1,0.0,False,0,0,0.0,1,correct,pick up the yellow fork.,0.0,0.0
trial_20260517_025205_dd617f,scene_025,top_score,clear,2,0.0,False,1,1,1.0,0,wrong,pick up the green fork.,1.0,1.0
trial_20260517_025230_93d2e3,scene_025,random_candidate,clear,1,0.0,False,0,0,0.0,1,correct,pick up the blue fork.,0.0,0.0
trial_20260517_025245_379dd7,scene_025,random_candidate,clear,2,0.0,False,1,1,1.0,0,wrong,pick up the red fork.,1.0,1.0
trial_20260517_025310_405b3f,scene_025,vlm_direct,clear,1,0.0,False,0,0,0.0,1,correct,pick up the left fork.,0.0,0.0
trial_20260517_025321_619bf4,scene_025,vlm_direct,clear,1,0.0,False,0,0,0.0,0,wrong,pick up the right fork.,0.0,0.0
trial_20260517_025427_612a6f,scene_025,random_question,clear,1,0.0,False,0,0,0.0,1,correct,pick up the yellow fork.,0.0,0.0
trial_20260517_025441_6def3e,scene_025,random_question,clear,1,0.0,False,0,0,0.0,1,correct,pick up the left fork.,0.0,0.0
trial_20260517_025456_37812a,scene_025,vlm_best_question,clear,1,0.0,False,0,0,0.0,1,correct,pick up the blue fork.,0.0,0.0
trial_20260517_025538_ccebeb,scene_025,vlm_best_question,clear,1,0.0,False,0,0,0.0,1,correct,pick up the yellow fork.,0.0,0.0
trial_20260517_025602_ec2287,scene_025,proposed_efe,clear,1,0.0,False,0,0,0.0,1,correct,pick up the yellow fork.,0.0,0.0
trial_20260517_025611_564c66,scene_025,proposed_efe,clear,1,0.0,False,0,0,0.0,1,correct,pick up the blue fork.,0.0,0.0
trial_20260517_025627_f649b6,scene_025,top_score,partial,2,0.0,False,1,1,1.0,0,wrong,pick up the red fork.,1.0,1.0
trial_20260517_025658_1a7aa2,scene_025,top_score,partial,2,0.0,False,1,1,1.0,0,wrong,pick up the green fork.,1.0,1.0
trial_20260517_025717_2d0ed4,scene_025,top_score,ambiguous,4,0.0,False,2,2,2.2,1,correct,pick up my fork.,2.05,2.05
trial_20260517_025738_464911,scene_025,random_candidate,ambiguous,4,0.0,False,2,2,2.2,1,correct,pick up my fork.,2.05,2.05
trial_20260517_025743_806570,scene_025,random_candidate,ambiguous,4,0.0,False,2,2,2.2,1,correct,pick up my fork.,2.05,2.05
trial_20260517_025809_cd1d59,scene_025,random_candidate,partial,2,0.0,False,1,1,1.0,0,wrong,pick up the red fork.,1.0,1.0
trial_20260517_025820_cf57ec,scene_025,random_candidate,partial,2,0.0,False,1,1,1.0,0,wrong,pick up the green fork.,1.0,1.0
trial_20260517_025855_09f90d,scene_025,vlm_direct,partial,2,0.0,False,1,1,1.0,0,wrong,pick up the green fork.,1.0,1.0
trial_20260517_030051_e7507d,scene_025,vlm_direct,partial,2,0.0,False,1,1,1.0,0,wrong,pick up the red fork.,1.0,1.0
trial_20260517_030159_550771,scene_025,vlm_direct,ambiguous,4,0.0,False,2,2,2.2,1,correct,pick up my fork.,2.05,2.05
trial_20260517_030304_f54e97,scene_025,vlm_direct,ambiguous,4,0.0,False,2,2,2.2,0,wrong,pick up my fork.,2.05,2.05
trial_20260517_030426_257c0f,scene_025,first_question,ambiguous,4,1.0,True,2,2,2.2,1,correct,pick up my fork.,2.05,2.05
trial_20260517_030525_77227b,scene_025,first_question,ambiguous,4,3.0,True,2,2,2.2,1,correct,pick up my fork.,2.05,2.05
trial_20260517_030920_dbc4d3,scene_025,first_question,partial,2,1.0,True,1,1,1.0,1,correct,pick up the red fork.,1.0,1.0
trial_20260517_031016_9ce205,scene_025,first_question,partial,2,1.0,True,1,1,1.0,1,correct,pick up the green fork.,1.0,1.0
trial_20260517_031048_3e60eb,scene_025,random_question,partial,2,1.0,True,1,1,1.0,1,correct,pick up the green fork.,1.0,1.0
trial_20260517_031159_0ea54b,scene_025,random_question,partial,2,1.0,True,1,1,1.0,1,correct,pick up the red fork.,1.0,1.0
trial_20260517_031330_db5cd3,scene_025,random_question,ambiguous,4,2.0,True,2,2,2.2,1,correct,pick up my fork.,2.05,2.05
trial_20260517_031508_0e573b,scene_025,random_question,ambiguous,4,3.0,True,2,2,2.2,1,correct,pick up my fork.,2.05,2.05
trial_20260517_031758_8635fe,scene_025,vlm_best_question,ambiguous,4,1.0,True,2,2,2.2,1,correct,pick up my fork.,2.05,2.05
trial_20260517_031834_4d5ce9,scene_025,vlm_best_question,ambiguous,4,3.0,True,2,2,2.2,1,correct,pick up my fork.,2.05,2.05
trial_20260517_032110_aec680,scene_025,vlm_best_question,partial,2,1.0,True,1,1,1.0,1,correct,pick up the red fork.,1.0,1.0
trial_20260517_032244_b89fe1,scene_025,proposed_efe,partial,2,1.0,True,1,1,1.0,1,correct,pick up the green fork.,1.0,1.0
trial_20260517_032352_773dcf,scene_025,proposed_efe,partial,2,1.0,True,1,1,1.0,1,correct,pick up the red fork.,1.0,1.0
trial_20260517_032519_2ded17,scene_025,proposed_efe,ambiguous,4,2.0,True,2,2,2.2,1,correct,pick up my fork.,2.05,2.05
trial_20260517_032723_7843fa,scene_025,proposed_efe,ambiguous,4,2.0,True,2,2,2.2,1,correct,pick up my fork.,2.05,2.05
trial_20260517_033104_540695,scene_026,top_score,clear,1,0.0,False,0,0,0.0,1,correct,pick up the red bottle.,0.0,0.0
trial_20260517_033116_a10aa1,scene_026,top_score,clear,1,0.0,False,0,0,0.0,1,correct,pick up the green bottle.,0.0,0.0
trial_20260517_033132_e4dc34,scene_026,random_candidate,clear,1,0.0,False,0,0,0.0,1,correct,pick up the blue bottle.,0.0,0.0
trial_20260517_033143_4e73a6,scene_026,random_candidate,clear,1,0.0,False,0,0,0.0,0,wrong,pick up the black bottle.,0.0,0.0
trial_20260517_033219_37677a,scene_026,vlm_direct,clear,1,0.0,False,0,0,0.0,1,correct,pick up the left bottle.,0.0,0.0
trial_20260517_033229_06b1bf,scene_026,vlm_direct,clear,1,0.0,False,0,0,0.0,1,correct,pick up the tall bottle.,0.0,0.0
trial_20260517_033321_3da7d9,scene_026,first_question,clear,1,0.0,False,0,0,0.0,1,correct,pick up the green bottle.,0.0,0.0
trial_20260517_033342_9e0836,scene_026,first_question,clear,1,0.0,False,0,0,0.0,1,correct,pick up the red bottle.,0.0,0.0
trial_20260517_033409_7c31b3,scene_026,random_question,clear,1,0.0,False,0,0,0.0,1,correct,pick up the green bottle.,0.0,0.0
trial_20260517_033416_937057,scene_026,random_question,clear,1,0.0,False,0,0,0.0,1,correct,pick up the green bottle.,0.0,0.0
trial_20260517_033424_65f485,scene_026,random_question,clear,1,0.0,False,0,0,0.0,1,correct,pick up the blue bottle.,0.0,0.0
trial_20260517_033432_f1b3f1,scene_026,proposed_efe,clear,1,0.0,False,0,0,0.0,1,correct,pick up the blue bottle.,0.0,0.0
trial_20260517_033448_413205,scene_026,proposed_efe,clear,1,0.0,False,0,0,0.0,1,correct,pick up the red bottle.,0.0,0.0
trial_20260517_033504_2d9ec4,scene_026,top_score,partial,1,0.0,False,0,0,0.0,1,correct,pick up the right bottle.,0.0,0.0
trial_20260517_033527_bcf9db,scene_026,top_score,partial,1,0.0,False,0,0,0.0,0,wrong,pick up the center bottle.,0.0,0.0
trial_20260517_033546_e22aa2,scene_026,top_score,ambiguous,4,0.0,False,2,2,2.2,0,wrong,pick up my bottle.,2.05,2.05
trial_20260517_033555_f6a76c,scene_026,top_score,ambiguous,4,0.0,False,2,2,2.2,0,wrong,pick up my bottle.,2.05,2.05
trial_20260517_033609_878e87,scene_026,random_candidate,ambiguous,4,0.0,False,2,2,2.2,1,correct,pick up my bottle.,2.05,2.05
trial_20260517_033617_30c455,scene_026,random_candidate,ambiguous,4,0.0,False,2,2,2.2,0,wrong,pick up my bottle.,2.05,2.05
trial_20260517_033629_433c61,scene_026,random_candidate,partial,1,0.0,False,0,0,0.0,1,correct,pick up the right bottle.,0.0,0.0
trial_20260517_033639_d23fb9,scene_026,random_candidate,partial,1,0.0,False,0,0,0.0,0,wrong,pick up the center bottle.,0.0,0.0
trial_20260517_033701_74fc13,scene_026,vlm_direct,partial,1,0.0,False,0,0,0.0,0,wrong,pick up the center bottle.,0.0,0.0
trial_20260517_033727_c64f16,scene_026,vlm_direct,ambiguous,4,0.0,False,2,2,2.2,0,wrong,pick up my bottle.,2.05,2.05
trial_20260517_033843_2ec9b4,scene_026,vlm_direct,ambiguous,4,0.0,False,2,2,2.2,0,wrong,pick up my bottle.,2.05,2.05
trial_20260517_034008_c1c0f0,scene_026,first_question,ambiguous,4,3.0,True,2,2,2.2,1,correct,pick up my bottle.,2.05,2.05
trial_20260517_034142_bb1fb5,scene_026,first_question,ambiguous,4,1.0,True,2,2,2.2,1,correct,pick up my bottle.,2.05,2.05
trial_20260517_034240_9e05a0,scene_026,first_question,partial,1,0.0,False,0,0,0.0,1,correct,pick up the right bottle.,0.0,0.0
trial_20260517_034322_6c437f,scene_026,first_question,partial,1,0.0,False,0,0,0.0,0,unresolved,pick up the center bottle.,0.0,0.0
trial_20260517_034350_dd27d8,scene_026,random_question,partial,1,0.0,False,0,0,0.0,0,wrong,pick up the center bottle.,0.0,0.0
trial_20260517_034423_c8e60d,scene_026,random_question,partial,1,0.0,False,0,0,0.0,1,correct,pick up the right bottle.,0.0,0.0
trial_20260517_034504_a41dc2,scene_026,random_question,ambiguous,4,3.0,True,2,2,2.2,1,correct,pick up my bottle.,2.05,2.05
trial_20260517_034728_62e97f,scene_026,random_question,ambiguous,4,1.0,True,2,2,2.2,1,correct,pick up my bottle.,2.05,2.05
trial_20260517_034829_e3f9cd,scene_026,vlm_best_question,ambiguous,4,3.0,True,2,2,2.2,1,correct,pick up my bottle.,2.05,2.05
trial_20260517_035054_074677,scene_026,vlm_best_question,partial,1,0.0,False,0,0,0.0,1,correct,pick up the right bottle.,0.0,0.0
trial_20260517_035154_4a5717,scene_026,vlm_best_question,partial,1,0.0,False,0,0,0.0,0,wrong,pick up the center bottle.,0.0,0.0
trial_20260517_035234_aa113e,scene_026,proposed_efe,partial,1,0.0,False,0,0,0.0,0,wrong,pick up the center bottle.,0.0,0.0
trial_20260517_035303_c473ba,scene_026,proposed_efe,partial,1,0.0,False,0,0,0.0,1,correct,pick up the right bottle.,0.0,0.0
trial_20260517_035332_b56c16,scene_026,proposed_efe,ambiguous,4,1.0,True,2,2,2.2,1,correct,pick up my bottle.,2.05,2.05
trial_20260517_035443_33e6ff,scene_026,proposed_efe,ambiguous,4,3.0,True,2,2,2.2,1,correct,pick up my bottle.,2.05,2.05
trial_20260517_035819_59baa4,scene_027,top_score,clear,1,0.0,False,0,0,0.0,1,correct,pick up the red bottle.,0.0,0.0
trial_20260517_035831_51b0a6,scene_027,top_score,clear,1,0.0,False,0,0,0.0,1,correct,pick up the red cup.,0.0,0.0
trial_20260517_035849_17fe5c,scene_027,random_candidate,clear,1,0.0,False,0,0,0.0,0,wrong,pick up the pink cup.,0.0,0.0
trial_20260517_035911_0edac2,scene_027,random_candidate,clear,1,0.0,False,0,0,0.0,1,correct,pick up the brown cup.,0.0,0.0
trial_20260517_035930_ff47ca,scene_027,vlm_direct,clear,1,0.0,False,0,0,0.0,1,correct,pick up the green bottle.,0.0,0.0
trial_20260517_040011_274668,scene_027,vlm_direct,clear,6,0.0,False,3,3,3.152,1,correct,pick up the black bottle.,2.741333333333333,2.768
trial_20260517_040110_c21539,scene_027,first_question,clear,1,0.0,False,0,0,0.0,1,correct,pick up the left cup.,0.0,0.0
trial_20260517_040123_df469f,scene_027,first_question,clear,1,0.0,False,0,0,0.0,1,correct,pick up the right cup.,0.0,0.0
trial_20260517_040137_f84a69,scene_027,random_question,clear,1,0.0,False,0,0,0.0,1,correct,pick up the center cup.,0.0,0.0
trial_20260517_040222_25d13a,scene_027,random_question,clear,1,0.0,False,0,0,0.0,1,correct,pick up the left bottle.,0.0,0.0
trial_20260517_040241_2844c3,scene_027,vlm_best_question,clear,1,0.0,False,0,0,0.0,1,correct,pick up the bottom bottle.,0.0,0.0
trial_20260517_040253_105137,scene_027,vlm_best_question,clear,2,1.0,True,1,1,1.0,1,correct,pick up the top bottle.,1.0,1.0
trial_20260517_040407_7dca9a,scene_027,proposed_efe,clear,1,0.0,False,0,0,0.0,1,correct,pick up the red cup.,0.0,0.0
trial_20260517_041223_89a38a,scene_027,top_score,partial,2,0.0,False,1,1,1.0,0,wrong,pick up the top bottle.,1.0,1.0
trial_20260517_041238_455cfc,scene_027,top_score,partial,1,0.0,False,0,0,0.0,0,wrong,pick up the right bottle.,0.0,0.0
trial_20260517_041257_525b1e,scene_027,top_score,ambiguous,3,0.0,False,2,2,1.6667,0,wrong,pick up my bottle.,1.6666666666666665,1.6666666666666665
trial_20260517_041314_7ba019,scene_027,top_score,ambiguous,3,0.0,False,2,2,1.6667,0,wrong,pick up my cup.,1.6666666666666665,1.6666666666666665
trial_20260517_041332_23f084,scene_027,random_candidate,ambiguous,3,0.0,False,2,2,1.6667,1,correct,pick up my cup.,1.6666666666666665,1.6666666666666665
trial_20260517_041345_dfb42d,scene_027,random_candidate,ambiguous,3,0.0,False,2,2,1.6667,0,wrong,pick up my bottle.,1.6666666666666665,1.6666666666666665
trial_20260517_041401_8298e3,scene_027,random_candidate,partial,2,0.0,False,1,1,1.0,1,correct,pick up the top bottle.,1.0,1.0
trial_20260517_041424_97042c,scene_027,random_candidate,partial,1,0.0,False,0,0,0.0,0,wrong,pick up the center bottle.,0.0,0.0
trial_20260517_041440_ae0972,scene_027,vlm_direct,partial,1,0.0,False,0,0,0.0,0,wrong,pick up the center bottle.,0.0,0.0
trial_20260517_041502_947983,scene_027,vlm_direct,partial,2,0.0,False,1,1,1.0,1,correct,pick up the top bottle.,1.0,1.0
trial_20260517_041543_91d3cc,scene_027,vlm_direct,ambiguous,3,0.0,False,2,2,1.6667,0,wrong,pick up my bottle.,1.6666666666666665,1.6666666666666665
trial_20260517_041719_0c2a76,scene_027,vlm_direct,ambiguous,3,0.0,False,2,2,1.6667,0,wrong,pick up my cup.,1.6666666666666665,1.6666666666666665
trial_20260517_041829_9e64ad,scene_027,first_question,ambiguous,3,1.0,True,2,2,1.6667,1,correct,pick up my cup.,1.6666666666666665,1.6666666666666665
trial_20260517_041918_a93b56,scene_027,first_question,ambiguous,3,2.0,True,2,2,1.6667,1,correct,pick up my bottle.,1.6666666666666665,1.6666666666666665
trial_20260517_042027_dacf27,scene_027,first_question,partial,2,1.0,True,1,1,1.0,1,correct,pick up the top bottle.,1.0,1.0
trial_20260517_042123_9a669c,scene_027,random_question,partial,1,0.0,False,0,0,0.0,1,correct,pick up the top cup.,0.0,0.0
trial_20260517_042136_3a0f03,scene_027,random_question,partial,2,1.0,True,1,1,1.0,1,correct,pick up the top bottle.,1.0,1.0
trial_20260517_042323_a14a37,scene_027,random_question,ambiguous,3,2.0,True,2,2,1.6667,1,correct,pick up my bottle.,1.6666666666666665,1.6666666666666665
trial_20260517_042536_fe3f96,scene_027,random_question,ambiguous,3,2.0,True,2,2,1.6667,1,correct,pick up my cup.,1.6666666666666665,1.6666666666666665
trial_20260517_042651_617196,scene_027,vlm_best_question,ambiguous,3,2.0,True,2,2,1.6667,1,correct,pick up my cup.,1.6666666666666665,1.6666666666666665
trial_20260517_042852_daae6c,scene_027,vlm_best_question,ambiguous,3,2.0,True,2,2,1.6667,1,correct,pick up my bottle.,1.6666666666666665,1.6666666666666665
trial_20260517_043032_61e8a6,scene_027,vlm_best_question,partial,2,1.0,True,1,1,1.0,1,correct,pick up the top bottle.,1.0,1.0
trial_20260517_043114_c3e522,scene_027,vlm_best_question,partial,1,0.0,False,0,0,0.0,1,correct,pick up the top cup.,0.0,0.0
trial_20260517_043151_80639a,scene_027,proposed_efe,partial,1,0.0,False,0,0,0.0,1,correct,pick up the top cup.,0.0,0.0
trial_20260517_043244_18b60c,scene_027,proposed_efe,partial,2,1.0,True,1,1,1.0,1,correct,pick up the top bottle.,1.0,1.0
trial_20260517_043347_e017e1,scene_027,proposed_efe,ambiguous,3,1.0,True,2,2,1.6667,1,correct,pick up my bottle.,1.6666666666666665,1.6666666666666665
trial_20260517_170330_a78690,scene_028,top_score,clear,1,0.0,False,0,0,0.0,1,correct,Pick up the blue cup.,0.0,0.0
trial_20260517_170358_95e801,scene_028,top_score,clear,1,0.0,False,0,0,0.0,1,correct,Pick up the green cup.,0.0,0.0
trial_20260517_170414_a18caa,scene_028,random_candidate,clear,1,0.0,False,0,0,0.0,1,correct,Pick up the left cup.,0.0,0.0
trial_20260517_170458_2fe5a1,scene_028,random_candidate,clear,1,0.0,False,0,0,0.0,1,correct,Pick up the right cup.,0.0,0.0
trial_20260517_170522_5f3d88,scene_028,vlm_direct,clear,1,0.0,False,0,0,0.0,1,correct,Pick up the green bottle.,0.0,0.0
trial_20260517_170541_984150,scene_028,vlm_direct,clear,1,0.0,False,0,0,0.0,1,correct,Pick up the red bottle.,0.0,0.0
trial_20260517_170728_4affdc,scene_028,random_question,clear,1,0.0,False,0,0,0.0,1,correct,Pick up the green bottle.,0.0,0.0
trial_20260517_170737_a6dac4,scene_028,random_question,clear,1,0.0,False,0,0,0.0,1,correct,Pick up the red bottle.,0.0,0.0
trial_20260517_170746_fdbe13,scene_028,vlm_best_question,clear,1,0.0,False,0,0,0.0,1,correct,Pick up the red bottle.,0.0,0.0
trial_20260517_170755_4a0034,scene_028,vlm_best_question,clear,1,0.0,False,0,0,0.0,1,correct,Pick up the green bottle.,0.0,0.0
trial_20260517_170802_1df6f8,scene_028,proposed_efe,clear,1,0.0,False,0,0,0.0,1,correct,Pick up the green bottle.,0.0,0.0
trial_20260517_170818_b3e78d,scene_028,proposed_efe,clear,1,0.0,False,0,0,0.0,1,correct,Pick up the red bottle.,0.0,0.0
trial_20260517_170900_f456ba,scene_028,top_score,partial,1,0.0,False,0,0,0.0,0,unresolved,Pick up the red cup.,0.0,0.0
trial_20260517_170913_a06dce,scene_028,top_score,partial,1,0.0,False,0,0,0.0,0,wrong,Pick up the pink cup.,0.0,0.0
trial_20260517_170949_fdd324,scene_028,top_score,ambiguous,5,0.0,False,3,3,2.688,1,correct,Pick up my cup.,2.448,2.448
trial_20260517_171026_344654,scene_028,random_candidate,ambiguous,5,0.0,False,3,3,2.688,0,wrong,Pick up my cup.,2.448,2.448
trial_20260517_171031_b9bcca,scene_028,random_candidate,ambiguous,5,0.0,False,3,3,2.688,0,wrong,Pick up my cup.,2.448,2.448
trial_20260517_171140_db8bbe,scene_028,random_candidate,partial,1,0.0,False,0,0,0.0,0,unresolved,Pick up the red cup.,0.0,0.0
trial_20260517_171152_617543,scene_028,vlm_direct,partial,1,0.0,False,0,0,0.0,0,wrong,Pick up the red cup.,0.0,0.0
trial_20260517_171205_3a2a4e,scene_028,vlm_direct,partial,2,0.0,False,1,1,1.0,0,wrong,Pick up the center cup.,1.0,1.0
trial_20260517_171333_69945a,scene_028,vlm_direct,ambiguous,5,0.0,False,3,3,2.688,1,correct,Pick up my cup.,2.448,2.448
trial_20260517_171518_0b9671,scene_028,vlm_direct,ambiguous,2,0.0,False,1,1,1.0,1,correct,Pick up my bottle.,1.0,1.0
trial_20260517_171718_265edb,scene_028,first_question,ambiguous,2,1.0,True,1,1,1.0,1,correct,Pick up my bottle.,1.0,1.0
trial_20260517_172029_72414b,scene_028,first_question,partial,2,1.0,True,1,1,1.0,1,correct,Pick up the center cup.,1.0,1.0
trial_20260517_172103_565e78,scene_028,first_question,partial,1,0.0,False,0,0,0.0,0,unresolved,Pick up the red cup.,0.0,0.0
trial_20260517_172203_d7ba0d,scene_028,random_question,partial,1,0.0,False,0,0,0.0,0,unresolved,Pick up the red cup.,0.0,0.0
trial_20260517_172237_35a697,scene_028,random_question,partial,2,1.0,True,1,1,1.0,1,correct,Pick up the center cup.,1.0,1.0
trial_20260517_172349_c833f3,scene_028,random_question,ambiguous,5,0.0,False,3,3,2.688,0,wrong,Pick up my cup.,2.448,2.448
trial_20260517_172703_b2fe44,scene_028,random_question,ambiguous,5,4.0,True,3,3,2.688,1,correct,Pick up my cup.,2.448,2.448
trial_20260517_173035_31a06b,scene_028,random_question,ambiguous,2,1.0,True,1,1,1.0,1,correct,Pick up my bottle.,1.0,1.0
trial_20260517_173155_33e182,scene_028,vlm_best_question,ambiguous,2,1.0,True,1,1,1.0,1,correct,Pick up my bottle.,1.0,1.0
trial_20260517_173303_59dfa5,scene_028,vlm_best_question,ambiguous,5,3.0,True,3,3,2.688,1,correct,Pick up my cup.,2.448,2.448
trial_20260517_173657_ee3736,scene_028,vlm_best_question,partial,1,0.0,False,0,0,0.0,0,unresolved,Pick up the red cup.,0.0,0.0
trial_20260517_173721_31a519,scene_028,vlm_best_question,partial,2,1.0,True,1,1,1.0,1,correct,Pick up the center cup.,1.0,1.0
trial_20260517_173830_d0971e,scene_028,proposed_efe,partial,2,1.0,True,1,1,1.0,1,correct,Pick up the center cup.,1.0,1.0
trial_20260517_173938_14c4b2,scene_028,proposed_efe,partial,1,0.0,False,0,0,0.0,0,unresolved,Pick up the red cup.,0.0,0.0
trial_20260517_174011_541e08,scene_028,proposed_efe,ambiguous,5,2.0,True,3,3,2.688,1,correct,Pick up my cup.,2.448,2.448
trial_20260517_174552_df9664,scene_028,proposed_efe,ambiguous,2,1.0,True,1,1,1.0,1,correct,Pick up my bottle.,1.0,1.0
trial_20260517_192456_60805b,scene_029,top_score,clear,1,0.0,False,0,0,0.0,1,correct,Pick up the green cup.,0.0,0.0
trial_20260517_192634_94a2c9,scene_029,random_candidate,clear,1,0.0,False,0,0,0.0,1,correct,Pick up the left cup.,0.0,0.0
trial_20260517_192749_974d43,scene_029,random_candidate,clear,1,0.0,False,0,0,0.0,1,correct,Pick up the green fork.,0.0,0.0
trial_20260517_192831_ab4fef,scene_029,vlm_direct,clear,2,0.0,False,1,1,1.0,0,wrong,Pick up the blue fork.,1.0,1.0
trial_20260517_193003_677ba2,scene_029,vlm_direct,clear,1,0.0,False,0,0,0.0,1,correct,Pick up the red fork.,0.0,0.0
trial_20260517_193034_d8be2e,scene_029,first_question,clear,1,0.0,False,0,0,0.0,1,correct,Pick up the cyan spoon.,0.0,0.0
trial_20260517_193054_f0e4ca,scene_029,first_question,clear,1,0.0,False,0,0,0.0,1,correct,Pick up the red spoon.,0.0,0.0
trial_20260517_193151_1d11ed,scene_029,random_question,clear,1,0.0,False,0,0,0.0,1,correct,Pick up the left cup.,0.0,0.0
trial_20260517_193204_c8fe9d,scene_029,random_question,clear,1,0.0,False,0,0,0.0,1,correct,Pick up the blue cup.,0.0,0.0
trial_20260517_193213_c3124e,scene_029,vlm_best_question,clear,1,0.0,False,0,0,0.0,1,correct,Pick up the blue cup.,0.0,0.0
trial_20260517_193235_447ab0,scene_029,vlm_best_question,clear,1,0.0,False,0,0,0.0,1,correct,Pick up the green cup.,0.0,0.0
trial_20260517_193306_af3551,scene_029,proposed_efe,clear,1,0.0,False,0,0,0.0,1,correct,Pick up the green cup.,0.0,0.0
trial_20260517_193311_34f0c0,scene_029,proposed_efe,clear,1,0.0,False,0,0,0.0,1,correct,Pick up the green cup.,0.0,0.0
trial_20260517_193418_1a90ef,scene_029,top_score,partial,1,0.0,False,0,0,0.0,0,wrong,Pick up center cup.,0.0,0.0
trial_20260517_193439_9b6cb7,scene_029,top_score,partial,1,0.0,False,0,0,0.0,1,correct,Pick up right cup.,0.0,0.0
trial_20260517_193458_2e0442,scene_029,top_score,ambiguous,5,0.0,False,3,3,2.688,0,wrong,Pick up my cup.,2.448,2.448
trial_20260517_193515_24b805,scene_029,top_score,ambiguous,3,0.0,False,2,2,1.6667,1,correct,Pick up my fork.,1.6666666666666665,1.6666666666666665
trial_20260517_193554_8823d1,scene_029,random_candidate,ambiguous,3,0.0,False,2,2,1.6667,0,wrong,Pick up my fork.,1.6666666666666665,1.6666666666666665
trial_20260517_193617_a6a4b2,scene_029,random_candidate,ambiguous,5,0.0,False,3,3,2.688,0,wrong,Pick up my cup.,2.448,2.448
trial_20260517_193653_c53d03,scene_029,random_candidate,partial,1,0.0,False,0,0,0.0,1,correct,Pick up the right cup.,0.0,0.0
trial_20260517_193724_2995d3,scene_029,random_candidate,partial,1,0.0,False,0,0,0.0,0,wrong,Pick up the center cup.,0.0,0.0
trial_20260517_193753_edd5ec,scene_029,vlm_direct,partial,1,0.0,False,0,0,0.0,0,wrong,Pick up the center cup.,0.0,0.0
trial_20260517_193822_fa655f,scene_029,vlm_direct,partial,1,0.0,False,0,0,0.0,1,correct,Pick up the right cup.,0.0,0.0
trial_20260517_193833_2ec1ba,scene_029,vlm_direct,ambiguous,5,0.0,False,3,3,2.688,0,wrong,Pick up the my cup.,2.448,2.448
trial_20260517_194026_90a390,scene_029,vlm_direct,ambiguous,3,0.0,False,2,2,1.6667,1,correct,Pick up my fork.,1.6666666666666665,1.6666666666666665
trial_20260517_194233_0cdb3f,scene_029,first_question,ambiguous,3,2.0,True,2,2,1.6667,1,correct,Pick up my fork.,1.6666666666666665,1.6666666666666665
trial_20260517_194557_4e6fc9,scene_029,first_question,ambiguous,5,3.0,True,3,3,2.688,1,correct,Pick up my cup.,2.448,2.448
trial_20260517_194808_0b1888,scene_029,first_question,partial,1,0.0,False,0,0,0.0,1,correct,Pick up the right cup.,0.0,0.0
trial_20260517_194842_5d3d53,scene_029,first_question,partial,1,0.0,False,0,0,0.0,0,unresolved,Pick up the red cup.,0.0,0.0
trial_20260517_194940_ee1388,scene_029,random_question,partial,1,0.0,False,0,0,0.0,0,unresolved,Pick up the red cup.,0.0,0.0
trial_20260517_195140_285c7c,scene_029,random_question,ambiguous,5,4.0,True,3,3,2.688,1,correct,Pick up my cup.,2.448,2.448
trial_20260517_195538_129e88,scene_029,vlm_best_question,ambiguous,5,2.0,True,3,3,2.688,1,correct,Pick up my cup.,2.448,2.448
trial_20260517_195746_22f1c5,scene_029,vlm_best_question,ambiguous,3,2.0,True,2,2,1.6667,1,correct,Pick up my fork.,1.6666666666666665,1.6666666666666665
trial_20260517_195936_43e5a1,scene_029,vlm_best_question,partial,1,0.0,False,0,0,0.0,0,unresolved,Pick up the red cup.,0.0,0.0
trial_20260517_200044_0a95d3,scene_029,vlm_best_question,partial,1,0.0,False,0,0,0.0,1,correct,Pick up the right cup.,0.0,0.0
trial_20260517_200127_ddec50,scene_029,proposed_efe,partial,1,0.0,False,0,0,0.0,1,correct,Pick up the right cup.,0.0,0.0
trial_20260517_200214_83c29f,scene_029,proposed_efe,partial,1,0.0,False,0,0,0.0,0,unresolved,Pick up the red cup.,0.0,0.0
trial_20260517_200303_6ab3d1,scene_029,proposed_efe,ambiguous,5,2.0,True,3,3,2.688,1,correct,Pick up my cup.,2.448,2.448
trial_20260517_200801_29caee,scene_030,top_score,clear,1,0.0,False,0,0,0.0,1,correct,Pick up the green bottle.,0.0,0.0
trial_20260517_200842_4e743f,scene_030,random_candidate,clear,1,0.0,False,0,0,0.0,1,correct,Pick up the blue bottle.,0.0,0.0
trial_20260517_200901_7a96da,scene_030,random_candidate,clear,1,0.0,False,0,0,0.0,1,correct,Pick up the blue fork.,0.0,0.0
trial_20260517_200915_3b9d9b,scene_030,vlm_direct,clear,1,0.0,False,0,0,0.0,1,correct,Pick up the red fork.,0.0,0.0
trial_20260517_200936_59ffb2,scene_030,vlm_direct,clear,1,0.0,False,0,0,0.0,1,correct,Pick up the green fork.,0.0,0.0
trial_20260517_201019_cc6820,scene_030,first_question,clear,1,0.0,False,0,0,0.0,1,correct,Pick up the cyan spoon.,0.0,0.0
trial_20260517_201055_7ff6b4,scene_030,random_question,clear,2,1.0,True,1,1,1.0,1,correct,Pick up the left spoon.,1.0,1.0
trial_20260517_201201_9fb154,scene_030,vlm_best_question,clear,1,0.0,False,0,0,0.0,1,correct,Pick up the right bottle.,0.0,0.0
trial_20260517_201218_130217,scene_030,vlm_best_question,clear,2,1.0,True,1,1,1.0,1,correct,Pick up the center bottle.,1.0,1.0
trial_20260517_201324_0a0608,scene_030,proposed_efe,clear,1,0.0,False,0,0,0.0,1,correct,Pick up the red bottle.,0.0,0.0
trial_20260517_201335_e4eae3,scene_030,proposed_efe,clear,1,0.0,False,0,0,0.0,1,correct,Pick up the green bottle.,0.0,0.0
trial_20260517_201404_eda759,scene_030,top_score,partial,2,0.0,False,1,1,1.0,1,correct,Pick up the center bottle.,1.0,1.0
trial_20260517_201422_a811bf,scene_030,top_score,partial,2,0.0,False,1,1,1.0,1,correct,Pick up the left spoon.,1.0,1.0
trial_20260517_201509_9c3dba,scene_030,top_score,ambiguous,3,0.0,False,2,2,1.6667,0,wrong,Pick up my fork.,1.6666666666666665,1.6666666666666665
trial_20260517_201526_5b36e4,scene_030,top_score,ambiguous,3,0.0,False,2,2,1.6667,0,wrong,Pick up my bottle.,1.6666666666666665,1.6666666666666665
trial_20260517_201602_8972b6,scene_030,random_candidate,ambiguous,3,0.0,False,2,2,1.6667,0,wrong,Pick up my bottle.,1.6666666666666665,1.6666666666666665
trial_20260517_201615_12275f,scene_030,random_candidate,ambiguous,3,0.0,False,2,2,1.6667,0,wrong,Pick up my fork.,1.6666666666666665,1.6666666666666665
trial_20260517_201658_a2760f,scene_030,random_candidate,partial,2,0.0,False,1,1,1.0,1,correct,Pick up the left spoon.,1.0,1.0
trial_20260517_201744_3b3512,scene_030,random_candidate,partial,2,0.0,False,1,1,1.0,0,wrong,Pick up the center bottle.,1.0,1.0
trial_20260517_201817_838ed6,scene_030,vlm_direct,partial,2,0.0,False,1,1,1.0,1,correct,Pick up the center bottle.,1.0,1.0
trial_20260517_201949_ee371b,scene_030,vlm_direct,partial,2,0.0,False,1,1,1.0,1,correct,Pick up the left spoon.,1.0,1.0
trial_20260517_202056_2ca168,scene_030,vlm_direct,ambiguous,3,0.0,False,2,2,1.6667,0,wrong,Pick up my fork.,1.6666666666666665,1.6666666666666665
trial_20260517_202221_7ab35e,scene_030,vlm_direct,ambiguous,8,0.0,False,3,4,3.95,1,correct,Pick up my botlle.,3.1612399999999994,3.24604
trial_20260517_202421_1ae6f4,scene_030,first_question,ambiguous,3,2.0,True,2,2,1.6667,1,correct,Pick up my bottle.,1.6666666666666665,1.6666666666666665
trial_20260517_202658_c87b63,scene_030,first_question,ambiguous,3,1.0,True,2,2,1.6667,1,correct,Pick up my fork.,1.6666666666666665,1.6666666666666665
trial_20260517_202746_0b6836,scene_030,first_question,partial,2,1.0,True,1,1,1.0,1,correct,Pick up the left spoon.,1.0,1.0
trial_20260517_202821_772a8c,scene_030,first_question,partial,2,1.0,True,1,1,1.0,1,correct,Pick up the center bottle.,1.0,1.0
trial_20260517_202855_a434a9,scene_030,random_question,partial,2,1.0,True,1,1,1.0,1,correct,Pick up the center bottle.,1.0,1.0
trial_20260517_203016_6a542a,scene_030,random_question,partial,2,1.0,True,1,1,1.0,1,correct,Pick up the left spoon.,1.0,1.0
trial_20260517_203135_f39ee2,scene_030,random_question,ambiguous,3,2.0,True,2,2,1.6667,1,correct,Pick up my bottle.,1.6666666666666665,1.6666666666666665
trial_20260517_203318_3cda46,scene_030,random_question,ambiguous,3,2.0,True,2,2,1.6667,1,correct,Pick up my fork.,1.6666666666666665,1.6666666666666665
trial_20260517_203550_20305c,scene_030,vlm_best_question,ambiguous,3,1.0,True,2,2,1.6667,1,correct,Pick up my fork.,1.6666666666666665,1.6666666666666665
trial_20260517_203755_3d9b83,scene_030,vlm_best_question,ambiguous,3,2.0,True,2,2,1.6667,1,correct,Pick up my bottle.,1.6666666666666665,1.6666666666666665
trial_20260517_203923_cf8e96,scene_030,vlm_best_question,partial,2,1.0,True,1,1,1.0,1,correct,Pick up the center bottle.,1.0,1.0
trial_20260517_204020_291eb5,scene_030,vlm_best_question,partial,2,1.0,True,1,1,1.0,1,correct,Pick up the left spoon.,1.0,1.0
trial_20260517_204049_4bb20c,scene_030,proposed_efe,partial,2,1.0,True,1,1,1.0,1,correct,Pick up the left spoon.,1.0,1.0
trial_20260517_204143_75b72b,scene_030,proposed_efe,partial,2,1.0,True,1,1,1.0,1,correct,Pick up the center bottle.,1.0,1.0
trial_20260517_204312_ce8a3a,scene_030,proposed_efe,ambiguous,3,1.0,True,2,2,1.6667,1,correct,Pick up my bottle.,1.6666666666666665,1.6666666666666665
trial_20260517_204404_8e32a0,scene_030,proposed_efe,ambiguous,3,2.0,True,2,2,1.6667,1,correct,Pick up my fork.,1.6666666666666665,1.6666666666666665
trial_20260517_204643_6da29a,scene_031,top_score,clear,1,0.0,False,0,0,0.0,1,correct,Pick up metal cup.,0.0,0.0
trial_20260517_204658_c4091d,scene_031,top_score,clear,1,0.0,False,0,0,0.0,1,correct,Pick up left cup.,0.0,0.0
trial_20260517_204717_172036,scene_031,random_candidate,clear,1,0.0,False,0,0,0.0,1,correct,Pick up right cup.,0.0,0.0
trial_20260517_204751_aff023,scene_031,random_candidate,clear,1,0.0,False,0,0,0.0,1,correct,Pick up the red bottle.,0.0,0.0
trial_20260517_204813_203a79,scene_031,vlm_direct,clear,1,0.0,False,0,0,0.0,1,correct,Pick up the green bottle.,0.0,0.0
trial_20260517_204837_c5f38a,scene_031,vlm_direct,clear,1,0.0,False,0,0,0.0,1,correct,Pick up the green fork.,0.0,0.0
trial_20260517_204858_6b00a0,scene_031,first_question,clear,1,0.0,False,0,0,0.0,1,correct,Pick up the blue fork.,0.0,0.0
trial_20260517_204911_ca9a5c,scene_031,first_question,clear,1,0.0,False,0,0,0.0,1,correct,Pick up the red fork.,0.0,0.0
trial_20260517_204931_d6fe41,scene_031,random_question,clear,1,0.0,False,0,0,0.0,1,correct,Pick up the red spoon.,0.0,0.0
trial_20260517_204945_03c632,scene_031,random_question,clear,1,0.0,False,0,0,0.0,1,correct,Pick up the cyan spoon.,0.0,0.0
trial_20260517_205003_11fbfd,scene_031,vlm_best_question,clear,1,0.0,False,0,0,0.0,1,correct,Pick up the cyan spoon.,0.0,0.0
trial_20260517_205010_76d90e,scene_031,vlm_best_question,clear,1,0.0,False,0,0,0.0,1,correct,Pick up the cyan spoon.,0.0,0.0
trial_20260517_205020_6e96f5,scene_031,proposed_efe,clear,1,0.0,False,0,0,0.0,1,correct,Pick up the cyan spoon.,0.0,0.0
trial_20260517_205030_d937ea,scene_031,proposed_efe,clear,1,0.0,False,0,0,0.0,1,correct,Pick up the cyan spoon.,0.0,0.0
trial_20260517_205108_757940,scene_031,top_score,partial,1,0.0,False,0,0,0.0,1,correct,Pick up the center bottle.,0.0,0.0
trial_20260517_205134_452bd1,scene_031,top_score,partial,1,0.0,False,0,0,0.0,1,correct,Pick up the left spoon.,0.0,0.0
trial_20260517_205217_56db7c,scene_031,top_score,ambiguous,3,0.0,False,2,2,1.6667,1,correct,Pick up my fork.,1.6666666666666665,1.6666666666666665
trial_20260517_205246_4f59fd,scene_031,top_score,ambiguous,3,0.0,False,2,2,1.6667,0,wrong,Pick up my cup.,1.6666666666666665,1.6666666666666665
trial_20260517_205307_2ef965,scene_031,random_candidate,ambiguous,3,0.0,False,2,2,1.6667,0,wrong,Pick up my cup.,1.6666666666666665,1.6666666666666665
trial_20260517_205346_91fdd5,scene_031,random_candidate,ambiguous,3,0.0,False,2,2,1.6667,0,wrong,Pick up my fork.,1.6666666666666665,1.6666666666666665
trial_20260517_205426_6e3f84,scene_031,random_candidate,partial,1,0.0,False,0,0,0.0,1,correct,Pick up the right fork.,0.0,0.0
trial_20260517_205452_42723e,scene_031,random_candidate,partial,1,0.0,False,0,0,0.0,1,correct,Pick up the left spoon.,0.0,0.0
trial_20260517_205529_4448e1,scene_031,vlm_direct,partial,1,0.0,False,0,0,0.0,1,correct,Pick up the left spoon.,0.0,0.0
trial_20260517_205603_493462,scene_031,vlm_direct,partial,1,0.0,False,0,0,0.0,1,correct,Pick up the right fork.,0.0,0.0
trial_20260517_205623_c68924,scene_031,vlm_direct,ambiguous,3,0.0,False,2,2,1.6667,1,correct,Pick up my fork.,1.6666666666666665,1.6666666666666665
trial_20260517_205817_25da36,scene_031,vlm_direct,ambiguous,2,0.0,False,1,1,1.0,0,wrong,Pick up my bottle.,1.0,1.0
trial_20260517_205939_5cc80e,scene_031,first_question,ambiguous,3,2.0,True,2,2,1.6667,1,correct,Pick up my cup.,1.6666666666666665,1.6666666666666665
trial_20260517_210110_9b24f4,scene_031,first_question,ambiguous,3,2.0,True,2,2,1.6667,1,correct,Pick up my fork.,1.6666666666666665,1.6666666666666665
trial_20260517_210440_38ec90,scene_031,first_question,partial,1,0.0,False,0,0,0.0,1,correct,Pick up the right fork.,0.0,0.0
trial_20260517_210456_7121e6,scene_031,first_question,partial,1,0.0,False,0,0,0.0,1,correct,Pick up the left spoon.,0.0,0.0
trial_20260517_210523_fe6463,scene_031,random_question,partial,1,0.0,False,0,0,0.0,1,correct,Pick up the left spoon.,0.0,0.0
trial_20260517_211739_257144,scene_031,random_question,ambiguous,3,1.0,True,2,2,1.6667,1,correct,Pick up my fork.,1.6666666666666665,1.6666666666666665
trial_20260517_211851_d61c58,scene_031,vlm_best_question,ambiguous,3,2.0,True,2,2,1.6667,1,correct,Pick up my fork.,1.6666666666666665,1.6666666666666665
trial_20260517_212050_634077,scene_031,vlm_best_question,ambiguous,3,2.0,True,2,2,1.6667,1,correct,Pick up my cup.,1.6666666666666665,1.6666666666666665
trial_20260517_212237_539870,scene_031,vlm_best_question,partial,1,0.0,False,0,0,0.0,1,correct,Pick up the left spoon.,0.0,0.0
trial_20260517_212420_123c64,scene_031,proposed_efe,partial,1,0.0,False,0,0,0.0,1,correct,Pick up the right spoon.,0.0,0.0
trial_20260517_212504_301af8,scene_031,proposed_efe,partial,1,0.0,False,0,0,0.0,1,correct,Pick up the left spoon.,0.0,0.0
trial_20260517_212724_9e31c4,scene_031,proposed_efe,ambiguous,3,1.0,True,2,2,1.6667,1,correct,Pick up my fork.,1.6666666666666665,1.6666666666666665
trial_20260517_212837_ac8d30,scene_032,top_score,clear,1,0.0,False,0,0,0.0,1,correct,Pick up the red cup.,0.0,0.0
trial_20260517_212900_cc5ab3,scene_032,top_score,clear,1,0.0,False,0,0,0.0,1,correct,Pick up the green cup.,0.0,0.0
trial_20260517_212915_35cbe4,scene_032,random_candidate,clear,1,0.0,False,0,0,0.0,1,correct,Pick up the metal cup.,0.0,0.0
trial_20260517_212937_6fd3fd,scene_032,random_candidate,clear,1,0.0,False,0,0,0.0,1,correct,Pick up the green bottle.,0.0,0.0
trial_20260517_212949_011ec5,scene_032,vlm_direct,clear,1,0.0,False,0,0,0.0,1,correct,Pick up the red bottle.,0.0,0.0
trial_20260517_213019_b64ab6,scene_032,vlm_direct,clear,1,0.0,False,0,0,0.0,1,correct,Pick up the left cup.,0.0,0.0
trial_20260517_213036_77473e,scene_032,first_question,clear,1,0.0,False,0,0,0.0,1,correct,Pick up the right cup.,0.0,0.0
trial_20260517_213106_49b71c,scene_032,first_question,clear,1,0.0,False,0,0,0.0,1,correct,Pick up the green fork.,0.0,0.0
trial_20260517_213126_62ff74,scene_032,random_question,clear,1,0.0,False,0,0,0.0,1,correct,Pick up the blue fork.,0.0,0.0
trial_20260517_213230_39fbc5,scene_032,vlm_best_question,clear,1,0.0,False,0,0,0.0,1,correct,Pick up the red fork.,0.0,0.0
trial_20260517_213332_634209,scene_032,vlm_best_question,clear,1,0.0,False,0,0,0.0,1,correct,Pick up the cyan spoon.,0.0,0.0
trial_20260517_213340_b91a95,scene_032,proposed_efe,clear,1,0.0,False,0,0,0.0,1,correct,Pick up the cyan spoon.,0.0,0.0
trial_20260517_213359_4fbf64,scene_032,top_score,partial,1,0.0,False,0,0,0.0,1,correct,Pick up the left spoon.,0.0,0.0
trial_20260517_213420_c0d57d,scene_032,top_score,partial,1,0.0,False,0,0,0.0,1,correct,Pick up the right fork.,0.0,0.0
trial_20260517_213439_78bacc,scene_032,top_score,ambiguous,3,0.0,False,2,2,1.6667,1,correct,Pick up my fork.,1.6666666666666665,1.6666666666666665
trial_20260517_213519_36b762,scene_032,top_score,ambiguous,3,0.0,False,2,2,1.6667,0,wrong,Pick up my cup.,1.6666666666666665,1.6666666666666665
trial_20260517_213532_b25210,scene_032,random_candidate,ambiguous,3,0.0,False,2,2,1.6667,0,wrong,Pick up my cup.,1.6666666666666665,1.6666666666666665
trial_20260517_213545_f7b494,scene_032,random_candidate,ambiguous,3,0.0,False,2,2,1.6667,0,wrong,Pick up my fork.,1.6666666666666665,1.6666666666666665
trial_20260517_213655_dd5d9b,scene_032,random_candidate,partial,1,0.0,False,0,0,0.0,1,correct,Pick up the right fork.,0.0,0.0
trial_20260517_213748_c6f899,scene_032,vlm_direct,partial,1,0.0,False,0,0,0.0,1,correct,Pick up the left spoon.,0.0,0.0
trial_20260517_213837_17266c,scene_032,vlm_direct,partial,1,0.0,False,0,0,0.0,1,correct,Pick up the left spoon.,0.0,0.0
trial_20260517_213855_1b89e0,scene_032,vlm_direct,ambiguous,3,0.0,False,2,2,1.6667,1,correct,Pick up my fork.,1.6666666666666665,1.6666666666666665
trial_20260517_214133_ad1148,scene_032,first_question,ambiguous,3,2.0,True,2,2,1.6667,1,correct,Pick up my cup.,1.6666666666666665,1.6666666666666665
trial_20260517_214303_8f2c28,scene_032,first_question,ambiguous,3,2.0,True,2,2,1.6667,1,correct,Pick up my fork.,1.6666666666666665,1.6666666666666665
trial_20260517_214555_a0dd11,scene_032,first_question,partial,1,0.0,False,0,0,0.0,1,correct,Pick up the left spoon.,0.0,0.0
trial_20260517_214623_0629cc,scene_032,random_question,partial,1,0.0,False,0,0,0.0,1,correct,Pick up the left spoon.,0.0,0.0
trial_20260517_214657_452037,scene_032,random_question,partial,1,0.0,False,0,0,0.0,1,correct,Pick up the right fork.,0.0,0.0
trial_20260517_214739_1d4ba1,scene_032,random_question,ambiguous,3,2.0,True,2,2,1.6667,1,correct,Pick up the my fork.,1.6666666666666665,1.6666666666666665
trial_20260517_214932_dd902d,scene_032,random_question,ambiguous,3,2.0,True,2,2,1.6667,1,correct,Pick up my cup.,1.6666666666666665,1.6666666666666665
trial_20260517_215110_58ce7d,scene_032,vlm_best_question,ambiguous,3,2.0,True,2,2,1.6667,1,correct,Pick up my cup.,1.6666666666666665,1.6666666666666665
trial_20260517_215401_420c0d,scene_032,vlm_best_question,ambiguous,3,2.0,True,2,2,1.6667,1,correct,Pick up my fork.,1.6666666666666665,1.6666666666666665
trial_20260517_215747_1fffca,scene_032,vlm_best_question,partial,1,0.0,False,0,0,0.0,1,correct,Pick up the right fork.,0.0,0.0
trial_20260517_215823_b13b39,scene_032,proposed_efe,partial,1,0.0,False,0,0,0.0,1,correct,Pick up the right fork.,0.0,0.0
trial_20260517_215903_ab7b43,scene_032,proposed_efe,partial,1,0.0,False,0,0,0.0,1,correct,Pick up the right fork.,0.0,0.0
trial_20260517_220007_d5586a,scene_032,proposed_efe,ambiguous,3,2.0,True,2,2,1.6667,1,correct,Pick up my fork.,1.6666666666666665,1.6666666666666665
trial_20260517_220227_6dc95a,scene_032,proposed_efe,ambiguous,3,2.0,True,2,2,1.6667,1,correct,Pick up my cup.,1.6666666666666665,1.6666666666666665
trial_20260517_220654_d2d047,scene_033,top_score,clear,1,0.0,False,0,0,0.0,1,correct,Pick up the red cup.,0.0,0.0
trial_20260517_220735_98fc66,scene_033,top_score,clear,1,0.0,False,0,0,0.0,1,correct,Pick up the green cup.,0.0,0.0
trial_20260517_220837_25d687,scene_033,random_candidate,clear,2,0.0,False,1,1,1.0,0,wrong,Pick up the center cup.,1.0,1.0
trial_20260517_220912_ace00e,scene_033,random_candidate,clear,1,0.0,False,0,0,0.0,1,correct,Pick up the metal cup.,0.0,0.0
trial_20260517_220933_5d477b,scene_033,vlm_direct,clear,1,0.0,False,0,0,0.0,1,correct,Pick up the red cup.,0.0,0.0
trial_20260517_220958_ec37a4,scene_033,vlm_direct,clear,1,0.0,False,0,0,0.0,1,correct,Pick up the red bottle.,0.0,0.0
trial_20260517_221011_b43d01,scene_033,first_question,clear,1,0.0,False,0,0,0.0,1,correct,Pick up the green bottle.,0.0,0.0
trial_20260517_221031_14e83f,scene_033,first_question,clear,1,0.0,False,0,0,0.0,1,correct,Pick up the green fork.,0.0,0.0
trial_20260517_221051_637942,scene_033,first_question,clear,1,0.0,False,0,0,0.0,1,correct,Pick up the blue fork.,0.0,0.0
trial_20260517_221113_378e60,scene_033,first_question,clear,1,0.0,False,0,0,0.0,1,correct,Pick up the red fork.,0.0,0.0
trial_20260517_221131_9e9c58,scene_033,random_question,clear,1,0.0,False,0,0,0.0,1,correct,Pick up the red spoon.,0.0,0.0
trial_20260517_221148_5e9822,scene_033,random_question,clear,1,0.0,False,0,0,0.0,1,correct,Pick up the green spoon.,0.0,0.0
trial_20260517_221200_4703ae,scene_033,vlm_best_question,clear,1,0.0,False,0,0,0.0,1,correct,Pick up the green spoon.,0.0,0.0
trial_20260517_221206_795973,scene_033,vlm_best_question,clear,1,0.0,False,0,0,0.0,1,correct,Pick up the green spoon.,0.0,0.0
trial_20260517_221213_123f4e,scene_033,proposed_efe,clear,1,0.0,False,0,0,0.0,1,correct,Pick up the green spoon.,0.0,0.0
trial_20260517_221217_228659,scene_033,proposed_efe,clear,1,0.0,False,0,0,0.0,1,correct,Pick up the green spoon.,0.0,0.0
trial_20260517_221244_0a1a16,scene_033,top_score,partial,1,0.0,False,0,0,0.0,1,correct,Pick up the left spoon.,0.0,0.0
trial_20260517_221329_bf724e,scene_033,top_score,partial,2,0.0,False,1,1,1.0,1,correct,Pick up the center cup.,1.0,1.0
trial_20260517_221351_c293e7,scene_033,top_score,ambiguous,3,0.0,False,2,2,1.6667,0,wrong,Pick up my cup.,1.6666666666666665,1.6666666666666665
trial_20260517_221506_973373,scene_033,random_candidate,ambiguous,3,0.0,False,2,2,1.6667,0,wrong,Pick up my cup.,1.6666666666666665,1.6666666666666665
trial_20260517_221617_3a5f24,scene_033,vlm_direct,partial,2,0.0,False,1,1,1.0,1,correct,Pick up the center cup.,1.0,1.0
trial_20260517_221850_de3000,scene_033,vlm_direct,ambiguous,3,0.0,False,2,2,1.6667,0,wrong,Pick up my cup.,1.6666666666666665,1.6666666666666665
trial_20260517_221949_253c6d,scene_033,vlm_direct,ambiguous,3,0.0,False,2,2,1.6667,1,correct,Pick up my fork.,1.6666666666666665,1.6666666666666665
trial_20260517_222106_7738e6,scene_033,first_question,ambiguous,3,2.0,True,2,2,1.6667,1,correct,Pick up my fork.,1.6666666666666665,1.6666666666666665
trial_20260517_223302_b22006,scene_033,first_question,ambiguous,3,2.0,True,2,2,1.6667,1,correct,Pick up my cup.,1.6666666666666665,1.6666666666666665
trial_20260517_223517_e92e8a,scene_033,first_question,partial,2,1.0,True,1,1,1.0,1,correct,Pick up the center cup.,1.0,1.0
trial_20260517_223807_64a7a9,scene_033,first_question,partial,1,0.0,False,0,0,0.0,1,correct,Pick up the left spoon.,0.0,0.0
trial_20260517_223914_120641,scene_033,random_question,partial,1,0.0,False,0,0,0.0,1,correct,Pick up the left spoon.,0.0,0.0
trial_20260517_224034_75ee58,scene_033,random_question,partial,2,1.0,True,1,1,1.0,1,correct,Pick up the center cup.,1.0,1.0
trial_20260517_224137_d56e66,scene_033,random_question,ambiguous,3,2.0,True,2,2,1.6667,1,correct,Pick up my cup.,1.6666666666666665,1.6666666666666665
trial_20260517_225705_d3062d,scene_033,random_question,ambiguous,3,2.0,True,2,2,1.6667,1,correct,Pick up my fork.,1.6666666666666665,1.6666666666666665
trial_20260517_232412_acee6d,scene_033,vlm_best_question,ambiguous,3,2.0,True,2,2,1.6667,1,correct,Pick up my fork.,1.6666666666666665,1.6666666666666665
trial_20260517_233301_ce7978,scene_033,vlm_best_question,partial,1,0.0,False,0,0,0.0,1,correct,Pick up the center bottle.,0.0,0.0
trial_20260517_234215_69be50,scene_033,vlm_best_question,partial,2,1.0,True,1,1,1.0,1,correct,Pick up the center cup.,1.0,1.0
trial_20260517_234607_e67da4,scene_033,proposed_efe,partial,2,1.0,True,1,1,1.0,1,correct,Pick up the center cup.,1.0,1.0
trial_20260517_234859_6981f0,scene_033,proposed_efe,partial,1,0.0,False,0,0,0.0,1,correct,Pick up the center bottle.,0.0,0.0
trial_20260517_235111_6db8f6,scene_033,proposed_efe,ambiguous,2,1.0,True,1,1,1.0,1,correct,Pick up my bottle.,1.0,1.0
trial_20260517_235233_4bd018,scene_033,proposed_efe,ambiguous,3,2.0,True,2,2,1.6667,1,correct,Pick up my cup.,1.6666666666666665,1.6666666666666665
trial_20260517_235610_f97d77,scene_034,top_score,clear,1,0.0,False,0,0,0.0,1,correct,Pick up the red cup.,0.0,0.0
trial_20260517_235622_85a69d,scene_034,top_score,clear,1,0.0,False,0,0,0.0,1,correct,Pick up the green cup.,0.0,0.0
trial_20260518_000046_2530ef,scene_034,random_candidate,clear,1,0.0,False,0,0,0.0,1,correct,Pick up the metal cup.,0.0,0.0
trial_20260518_000100_e5dbb2,scene_034,random_candidate,clear,1,0.0,False,0,0,0.0,1,correct,Pick up the green bottle.,0.0,0.0
trial_20260518_000124_c73ae1,scene_034,vlm_direct,clear,1,0.0,False,0,0,0.0,1,correct,Pick up the red bottle.,0.0,0.0
trial_20260518_000136_52e50e,scene_034,vlm_direct,clear,1,0.0,False,0,0,0.0,1,correct,Pick up the center bottle.,0.0,0.0
trial_20260518_000148_6b7445,scene_034,first_question,clear,1,0.0,False,0,0,0.0,1,correct,Pick up the right bottle.,0.0,0.0
trial_20260518_000310_e21274,scene_034,first_question,clear,1,0.0,False,0,0,0.0,1,correct,Pick up the right cup.,0.0,0.0
trial_20260518_000328_ba4336,scene_034,random_question,clear,1,0.0,False,0,0,0.0,1,correct,Pick up the left cup.,0.0,0.0
trial_20260518_000509_af7847,scene_034,random_question,clear,1,0.0,False,0,0,0.0,1,correct,Pick up the orange spoon.,0.0,0.0
trial_20260518_000610_bc4980,scene_034,vlm_best_question,clear,1,0.0,False,0,0,0.0,1,correct,Pick up the orange spoon.,0.0,0.0
trial_20260518_000615_6766c4,scene_034,vlm_best_question,clear,1,0.0,False,0,0,0.0,1,correct,Pick up the orange spoon.,0.0,0.0
trial_20260518_000622_f5c973,scene_034,proposed_efe,clear,1,0.0,False,0,0,0.0,1,correct,Pick up the orange spoon.,0.0,0.0
trial_20260518_000627_118923,scene_034,proposed_efe,clear,1,0.0,False,0,0,0.0,1,correct,Pick up the orange spoon.,0.0,0.0
trial_20260518_001030_5d984e,scene_034,top_score,partial,2,0.0,False,1,1,1.0,1,correct,Pick up the center cup.,1.0,1.0
trial_20260518_001055_df2942,scene_034,top_score,partial,1,0.0,False,0,0,0.0,1,correct,Pick up the right cup.,0.0,0.0
trial_20260518_001219_9c1b33,scene_034,top_score,ambiguous,3,0.0,False,2,2,1.6667,1,correct,Pick up my cup.,1.6666666666666665,1.6666666666666665
trial_20260518_001231_0a492e,scene_034,top_score,ambiguous,3,0.0,False,2,2,1.6667,0,wrong,Pick up my cup.,1.6666666666666665,1.6666666666666665
trial_20260518_001239_9da0e5,scene_034,random_candidate,ambiguous,3,0.0,False,2,2,1.6667,1,correct,Pick up my cup.,1.6666666666666665,1.6666666666666665
trial_20260518_001246_01ef28,scene_034,random_candidate,ambiguous,3,0.0,False,2,2,1.6667,0,wrong,Pick up my cup.,1.6666666666666665,1.6666666666666665
trial_20260518_001259_cda627,scene_034,random_candidate,partial,2,0.0,False,1,1,1.0,0,wrong,Pick up the center cup.,1.0,1.0
trial_20260518_001635_09932e,scene_034,random_candidate,partial,1,0.0,False,0,0,0.0,1,correct,Pick up the right cup.,0.0,0.0
trial_20260518_001642_3a2ffc,scene_034,vlm_direct,partial,1,0.0,False,0,0,0.0,1,correct,Pick up the right cup.,0.0,0.0
trial_20260518_001655_2ef275,scene_034,vlm_direct,partial,2,0.0,False,1,1,1.0,1,correct,Pick up the center cup.,1.0,1.0
trial_20260518_001847_6c2696,scene_034,vlm_direct,ambiguous,3,0.0,False,2,2,1.6667,1,correct,Pick up my cup.,1.6666666666666665,1.6666666666666665
trial_20260518_002847_d1dc30,scene_034,vlm_direct,ambiguous,3,0.0,False,2,2,1.6667,0,wrong,Pick up my cup.,1.6666666666666665,1.6666666666666665
trial_20260518_003022_83ddc2,scene_034,first_question,ambiguous,3,2.0,True,2,2,1.6667,1,correct,Pick up my cup.,1.6666666666666665,1.6666666666666665
trial_20260518_003331_19d716,scene_034,first_question,ambiguous,3,2.0,True,2,2,1.6667,1,correct,Pick up my cup.,1.6666666666666665,1.6666666666666665
trial_20260518_003521_d357cb,scene_034,first_question,partial,2,1.0,True,1,1,1.0,0,wrong,Pick up the center cup.,1.0,1.0
trial_20260518_003855_33844f,scene_034,first_question,partial,1,0.0,False,0,0,0.0,1,correct,Pick up the right cup.,0.0,0.0
trial_20260518_003941_353d20,scene_034,random_question,partial,1,0.0,False,0,0,0.0,1,correct,Pick up the right cup.,0.0,0.0
trial_20260518_004122_c3a1a2,scene_034,random_question,partial,2,1.0,True,1,1,1.0,1,correct,Pick up the center cup.,1.0,1.0
trial_20260518_004356_8d2570,scene_034,vlm_best_question,partial,2,1.0,True,1,1,1.0,1,correct,Pick up the center cup.,1.0,1.0
trial_20260518_004447_1bfcb1,scene_034,vlm_best_question,partial,1,0.0,False,0,0,0.0,1,correct,Pick up the right cup.,0.0,0.0
trial_20260518_004651_58c497,scene_034,proposed_efe,ambiguous,3,2.0,True,2,2,1.6667,1,correct,Pick up my cup.,1.6666666666666665,1.6666666666666665
trial_20260518_004807_430270,scene_034,proposed_efe,ambiguous,3,2.0,True,2,2,1.6667,1,correct,Pick up my cup.,1.6666666666666665,1.6666666666666665
trial_20260518_005006_8b6dee,scene_035,top_score,clear,1,0.0,False,0,0,0.0,1,correct,Pick up the green cup.,0.0,0.0
trial_20260518_005048_318485,scene_035,top_score,clear,1,0.0,False,0,0,0.0,1,correct,Pick up the red bottle.,0.0,0.0
trial_20260518_005108_10d7e8,scene_035,random_candidate,clear,1,0.0,False,0,0,0.0,1,correct,Pick up the green bottle.,0.0,0.0
trial_20260518_005155_8e4d20,scene_035,random_candidate,clear,1,0.0,False,0,0,0.0,1,correct,Pick up my fork.,0.0,0.0
trial_20260518_005229_8aa307,scene_035,vlm_direct,clear,1,0.0,False,0,0,0.0,1,correct,Pick up the orange spoon.,0.0,0.0
trial_20260518_005238_9733bc,scene_035,vlm_direct,clear,1,0.0,False,0,0,0.0,1,correct,Pick up the pink spoon.,0.0,0.0
trial_20260518_005304_2e7a1e,scene_035,first_question,clear,1,0.0,False,0,0,0.0,1,correct,Pick up the pink spoon.,0.0,0.0
trial_20260518_005312_2e2953,scene_035,first_question,clear,1,0.0,False,0,0,0.0,1,correct,Pick up the pink spoon.,0.0,0.0
trial_20260518_005425_c8580b,scene_035,random_question,clear,1,0.0,False,0,0,0.0,1,correct,Pick up the pink spoon.,0.0,0.0
trial_20260518_005429_3c6a43,scene_035,random_question,clear,1,0.0,False,0,0,0.0,1,correct,Pick up the pink spoon.,0.0,0.0
trial_20260518_005444_e9ceaf,scene_035,vlm_best_question,clear,1,0.0,False,0,0,0.0,1,correct,Pick up the pink spoon.,0.0,0.0
trial_20260518_005448_e90800,scene_035,vlm_best_question,clear,1,0.0,False,0,0,0.0,1,correct,Pick up the pink spoon.,0.0,0.0
trial_20260518_005518_542d70,scene_035,proposed_efe,clear,1,0.0,False,0,0,0.0,1,correct,Pick up the pink spoon.,0.0,0.0
trial_20260518_005528_2201ca,scene_035,proposed_efe,clear,1,0.0,False,0,0,0.0,1,correct,Pick up the pink spoon.,0.0,0.0
trial_20260518_005554_1b76ca,scene_035,top_score,partial,1,0.0,False,0,0,0.0,1,correct,Pick up the left cup.,0.0,0.0
trial_20260518_005606_979a9a,scene_035,top_score,partial,1,0.0,False,0,0,0.0,1,correct,Pick up the right cup.,0.0,0.0
trial_20260518_005633_a80b46,scene_035,top_score,ambiguous,4,0.0,False,2,2,2.2,0,wrong,Pick up my cup.,2.05,2.05
trial_20260518_005648_49f891,scene_035,random_candidate,ambiguous,4,0.0,False,2,2,2.2,0,wrong,Pick up my cup.,2.05,2.05
trial_20260518_005747_019df1,scene_035,random_candidate,ambiguous,4,0.0,False,2,2,2.2,0,wrong,Pick up my cup.,2.05,2.05
trial_20260518_005844_c4ce80,scene_035,random_candidate,partial,1,0.0,False,0,0,0.0,1,correct,Pick up the right cup.,0.0,0.0
trial_20260518_005852_e390a5,scene_035,vlm_direct,partial,1,0.0,False,0,0,0.0,1,correct,Pick up the right cup.,0.0,0.0
trial_20260518_005901_772336,scene_035,vlm_direct,partial,1,0.0,False,0,0,0.0,0,unresolved,Pick up the red cup.,0.0,0.0
trial_20260518_005918_b28e35,scene_035,vlm_direct,ambiguous,4,0.0,False,2,2,2.2,0,wrong,Pick up my cup.,2.05,2.05
trial_20260518_010024_f81b7a,scene_035,vlm_direct,ambiguous,4,0.0,False,2,2,2.2,0,wrong,Pick up my cup.,2.05,2.05
trial_20260518_010203_607bb0,scene_035,first_question,ambiguous,4,2.0,True,2,2,2.2,1,correct,Pick up my cup.,2.05,2.05
trial_20260518_010348_365f73,scene_035,first_question,ambiguous,4,2.0,True,2,2,2.2,1,correct,Pick up my cup.,2.05,2.05
trial_20260518_010551_01d05e,scene_035,first_question,partial,1,0.0,False,0,0,0.0,0,unresolved,Pick up the red cup.,0.0,0.0
trial_20260518_010602_01a90a,scene_035,first_question,partial,1,0.0,False,0,0,0.0,1,correct,Pick up the left cup.,0.0,0.0
trial_20260518_010626_7e815e,scene_035,random_question,partial,1,0.0,False,0,0,0.0,1,correct,Pick up the left cup.,0.0,0.0
trial_20260518_010648_280a5f,scene_035,random_question,partial,1,0.0,False,0,0,0.0,0,unresolved,Pick up the red cup.,0.0,0.0
trial_20260518_010719_a02b8d,scene_035,random_question,ambiguous,4,2.0,True,2,2,2.2,1,correct,Pick up my cup.,2.05,2.05
trial_20260518_011328_d9d867,scene_035,vlm_best_question,ambiguous,4,2.0,True,2,2,2.2,1,correct,Pick up my cup.,2.05,2.05
trial_20260518_012017_390d19,scene_035,vlm_best_question,ambiguous,4,3.0,True,2,2,2.2,1,correct,Pick up my cup.,2.05,2.05
trial_20260518_012444_a114a8,scene_035,vlm_best_question,partial,1,0.0,False,0,0,0.0,0,unresolved,Pick up the red cup.,0.0,0.0
trial_20260518_012638_22b59c,scene_035,vlm_best_question,partial,1,0.0,False,0,0,0.0,1,correct,Pick up the right cup.,0.0,0.0
trial_20260518_012756_d9d451,scene_035,proposed_efe,partial,1,0.0,False,0,0,0.0,1,correct,Pick up the right cup.,0.0,0.0
trial_20260518_012816_be8585,scene_035,proposed_efe,partial,4,2.0,True,2,2,2.2,1,correct,Pick up the red cup.,2.05,2.05
trial_20260518_013313_b36a05,scene_035,proposed_efe,ambiguous,4,2.0,True,2,2,2.2,1,correct,Pick up my cup.,2.05,2.05
trial_20260518_013504_97179b,scene_035,proposed_efe,ambiguous,4,2.0,True,2,2,2.2,1,correct,Pick up my cup.,2.05,2.05
trial_20260518_013930_c27068,scene_036,top_score,clear,1,0.0,False,0,0,0.0,1,correct,Pick up the green bottle.,0.0,0.0
trial_20260518_013942_a5f776,scene_036,random_candidate,clear,1,0.0,False,0,0,0.0,1,correct,Pick up the red bottle.,0.0,0.0
trial_20260518_014038_cad91d,scene_036,random_candidate,clear,1,0.0,False,0,0,0.0,1,correct,Pick up the center bottle.,0.0,0.0
trial_20260518_014113_14bda3,scene_036,vlm_direct,clear,2,0.0,False,1,1,1.0,1,correct,Pick up the right bottle.,1.0,1.0
trial_20260518_014211_5f9f84,scene_036,vlm_direct,clear,1,0.0,False,0,0,0.0,1,correct,Pick up the right cup.,0.0,0.0
trial_20260518_014242_0faf5b,scene_036,first_question,clear,1,0.0,False,0,0,0.0,1,correct,Pick up the orange spoon.,0.0,0.0
trial_20260518_014253_f7d533,scene_036,first_question,clear,1,0.0,False,0,0,0.0,1,correct,Pick up the pink spoon.,0.0,0.0
trial_20260518_014317_16e487,scene_036,random_question,clear,1,0.0,False,0,0,0.0,1,correct,Pick up the yellow fork.,0.0,0.0
trial_20260518_014326_3505ef,scene_036,vlm_best_question,clear,1,0.0,False,0,0,0.0,1,correct,Pick up the yellow fork.,0.0,0.0
trial_20260518_014333_e22fc6,scene_036,vlm_best_question,clear,1,0.0,False,0,0,0.0,1,correct,Pick up the yellow fork.,0.0,0.0
trial_20260518_014409_410b44,scene_036,proposed_efe,clear,1,0.0,False,0,0,0.0,1,correct,Pick up the yellow fork.,0.0,0.0
trial_20260518_014413_288492,scene_036,proposed_efe,clear,1,0.0,False,0,0,0.0,1,correct,Pick up the yellow fork.,0.0,0.0
trial_20260518_014626_a4a5d0,scene_036,top_score,partial,1,0.0,False,0,0,0.0,1,correct,Pick up the center cup.,0.0,0.0
trial_20260518_014642_b587d7,scene_036,top_score,ambiguous,4,0.0,False,2,2,2.2,0,wrong,Pick up my cup.,2.05,2.05
trial_20260518_014650_2e6c2c,scene_036,top_score,ambiguous,4,0.0,False,2,2,2.2,1,correct,Pick up my cup.,2.05,2.05
trial_20260518_014752_ee4eb3,scene_036,random_candidate,ambiguous,4,0.0,False,2,2,2.2,0,wrong,Pick up my cup.,2.05,2.05
trial_20260518_014759_8c96e3,scene_036,random_candidate,ambiguous,4,0.0,False,2,2,2.2,0,wrong,Pick up my cup.,2.05,2.05
trial_20260518_014813_49cc03,scene_036,random_candidate,partial,1,0.0,False,0,0,0.0,1,correct,Pick up the left cup.,0.0,0.0
trial_20260518_014827_b09d9a,scene_036,random_candidate,partial,2,0.0,False,1,1,1.0,0,wrong,Pick up the right bottle.,1.0,1.0
trial_20260518_014836_6ed2ff,scene_036,vlm_direct,partial,2,0.0,False,1,1,1.0,1,correct,Pick up the right bottle.,1.0,1.0
trial_20260518_014941_41ef36,scene_036,vlm_direct,partial,1,0.0,False,0,0,0.0,1,correct,Pick up the center cup.,0.0,0.0
trial_20260518_015140_595a46,scene_036,vlm_direct,ambiguous,4,0.0,False,2,2,2.2,1,correct,Pick up my cup.,2.05,2.05
trial_20260518_015235_eb9b96,scene_036,vlm_direct,ambiguous,4,0.0,False,2,2,2.2,0,wrong,Pick up my cup.,2.05,2.05
trial_20260518_015335_cb4fa5,scene_036,first_question,ambiguous,4,2.0,True,2,2,2.2,1,correct,Pick up my cup.,2.05,2.05
trial_20260518_015532_f1eb85,scene_036,first_question,ambiguous,4,3.0,True,2,2,2.2,1,correct,Pick up my cup.,2.05,2.05
trial_20260518_015957_5dea31,scene_036,first_question,partial,1,0.0,False,0,0,0.0,0,wrong,Pick up the red cup.,0.0,0.0
trial_20260518_020124_d7b846,scene_036,first_question,partial,2,1.0,True,1,1,1.0,1,correct,Pick up the right bottle.,1.0,1.0
trial_20260518_020243_047e35,scene_036,random_question,partial,2,1.0,True,1,1,1.0,1,correct,Pick up the right bottle.,1.0,1.0
trial_20260518_020511_7e2aba,scene_036,random_question,partial,1,0.0,False,0,0,0.0,0,wrong,Pick up the red cup.,0.0,0.0
trial_20260518_020611_058720,scene_036,random_question,ambiguous,4,2.0,True,2,2,2.2,1,correct,Pick up my cup.,2.05,2.05
trial_20260518_020857_460ed1,scene_036,random_question,ambiguous,4,3.0,True,2,2,2.2,1,correct,Pick up my cup.,2.05,2.05
trial_20260518_021320_3dac55,scene_036,vlm_best_question,ambiguous,4,2.0,True,2,2,2.2,1,correct,Pick up my cup.,2.05,2.05
trial_20260518_021533_88d6b8,scene_036,vlm_best_question,ambiguous,4,2.0,True,2,2,2.2,1,correct,Pick up my cup.,2.05,2.05
trial_20260518_021655_58f790,scene_036,vlm_best_question,partial,2,1.0,True,1,1,1.0,1,correct,Pick up the right bottle.,1.0,1.0
trial_20260518_021809_37dab1,scene_036,vlm_best_question,partial,1,0.0,False,0,0,0.0,0,unresolved,Pick up the red cup.,0.0,0.0
trial_20260518_021901_2eaeb3,scene_036,proposed_efe,partial,1,0.0,False,0,0,0.0,0,unresolved,Pick up the red cup.,0.0,0.0
trial_20260518_021950_3cdd0d,scene_036,proposed_efe,partial,2,1.0,True,1,1,1.0,1,correct,Pick up the right bottle.,1.0,1.0
trial_20260518_022133_e663e5,scene_036,proposed_efe,ambiguous,4,2.0,True,2,2,2.2,1,correct,Pick up my cup.,2.05,2.05
trial_20260518_022412_9c1873,scene_036,proposed_efe,ambiguous,4,2.0,True,2,2,2.2,1,correct,Pick up my cup.,2.05,2.05
